170
30 49
1 1 1 1 1 1 1 1 1 1 1 1 1 1 1 1 1 1 1 1 1 1 1 1 1 1 1 1 1 1 
1 0 0 0 0 0 0 1 0 0 0 1 0 1 0 0 0 0 0 0 0 1 1 0 0 0 0 1 0 1 
1 1 0 0 1 0 0 0 0 1 0 1 0 0 1 0 0 0 0 0 0 0 0 0 1 1 0 1 0 1 
1 0 1 0 0 1 0 0 0 0 1 1 0 0 1 0 0 1 1 0 0 0 0 0 0 0 0 0 0 1 
1 0 0 0 1 0 0 0 0 0 1 0 0 0 0 0 0 0 1 0 1 1 0 0 1 0 0 0 0 1 
1 0 0 0 1 1 0 1 1 0 0 1 0 1 0 0 1 0 1 0 0 1 1 0 0 0 0 1 1 1 
1 0 1 0 0 0 1 0 0 0 0 0 0 0 0 1 0 1 1 0 0 1 1 0 1 0 0 0 1 1 
1 0 0 1 1 0 0 0 0 0 1 0 0 0 1 0 0 0 1 0 0 0 0 0 1 1 0 1 1 1 
1 0 0 0 1 1 0 1 0 0 0 0 0 0 0 1 0 1 0 0 0 0 1 0 0 1 0 0 1 1 
1 0 0 1 0 1 0 0 1 0 0 0 0 1 0 0 0 0 1 1 0 0 0 1 0 0 0 0 0 1 
1 1 1 0 1 0 0 0 0 1 1 0 0 0 1 1 1 0 0 0 1 0 0 0 0 0 0 0 1 1 
1 1 0 0 0 0 1 0 0 0 0 1 0 1 0 0 0 0 0 0 0 1 0 0 0 1 1 0 0 1 
1 0 1 0 1 1 0 1 0 1 0 0 0 0 1 0 0 1 0 0 0 0 1 1 0 0 0 0 0 1 
1 0 0 0 0 0 0 1 0 0 0 1 0 0 0 1 1 0 0 0 0 0 0 0 0 0 0 1 0 1 
1 0 0 0 0 0 0 1 1 1 0 0 0 0 0 0 0 0 1 0 0 0 0 1 1 0 0 0 1 1 
1 0 0 0 0 1 1 0 0 0 0 0 1 0 0 0 0 0 0 0 0 0 0 0 1 0 0 0 0 1 
1 0 0 1 0 1 0 0 1 0 0 1 1 1 0 1 0 0 0 1 0 0 0 1 0 0 0 0 0 1 
1 1 1 0 0 0 0 0 0 1 0 0 0 0 0 0 1 0 0 0 0 0 0 0 1 0 1 0 0 1 
1 0 0 0 0 0 0 0 0 1 0 1 0 0 1 1 0 0 0 0 1 0 0 0 0 1 0 1 0 1 
1 0 0 1 1 0 0 0 0 0 0 0 0 0 1 0 0 1 0 0 0 0 0 1 0 0 1 0 0 1 
1 0 0 1 1 0 0 0 0 1 0 1 0 0 0 0 1 0 0 0 0 0 0 0 1 0 0 0 1 1 
1 0 0 0 0 0 0 0 0 0 0 0 0 0 0 0 0 0 0 1 0 0 0 0 0 0 1 0 0 1 
1 0 0 0 0 1 1 0 0 0 1 0 0 1 0 1 0 1 0 1 0 1 1 0 0 0 0 1 0 1 
1 0 0 0 0 0 1 0 0 1 0 1 0 0 0 0 0 1 0 0 0 1 0 1 1 0 0 0 0 1 
1 1 0 0 0 0 0 1 1 0 1 0 0 0 0 1 0 0 0 0 0 1 1 1 0 0 1 0 0 1 
1 0 0 0 0 0 0 1 1 1 1 0 0 0 0 1 0 1 0 0 0 1 0 1 0 0 1 0 1 1 
1 0 1 0 0 0 0 0 0 1 0 1 1 0 1 0 1 0 0 0 0 1 1 1 1 0 0 0 0 1 
1 0 1 1 1 0 0 1 0 0 0 0 0 1 0 1 0 1 0 1 0 0 0 0 0 0 0 0 0 1 
1 0 1 0 0 0 0 0 0 1 0 0 0 0 0 0 0 1 0 0 1 0 0 0 0 0 0 0 0 1 
1 0 0 0 1 0 1 0 0 0 0 1 0 1 1 0 0 0 1 1 0 1 0 0 0 1 1 1 0 1 
1 1 0 0 0 1 0 0 1 0 1 0 0 0 0 0 1 0 0 0 0 0 0 1 0 0 0 1 0 1 
1 1 1 1 1 0 0 0 0 0 1 0 1 1 1 0 1 0 1 0 1 0 0 0 0 0 1 0 0 1 
1 1 1 1 0 0 0 0 0 1 0 1 0 0 1 0 0 1 0 0 0 1 1 0 0 0 0 0 0 1 
1 0 0 1 0 0 1 0 0 0 0 0 0 0 1 0 0 1 0 0 1 0 1 0 0 1 0 1 1 1 
1 1 0 0 1 0 0 0 0 1 1 0 1 0 1 0 0 0 0 0 0 0 0 0 0 1 0 1 1 1 
1 0 0 0 0 0 1 0 1 1 0 0 1 0 1 1 1 0 0 0 0 1 0 1 1 1 1 0 1 1 
1 1 1 1 0 0 0 1 1 0 0 1 0 1 0 0 0 1 1 0 1 0 1 0 0 0 1 0 0 1 
1 1 0 0 1 0 1 0 0 0 1 1 0 0 1 1 0 0 0 0 0 0 0 1 0 1 1 1 0 1 
1 0 0 1 1 0 0 1 0 0 1 0 0 1 0 X 0 0 1 0 1 0 1 0 0 1 0 1 1 1 
1 1 0 0 0 0 0 0 0 0 0 1 0 1 0 0 1 0 0 0 1 0 0 0 1 0 1 0 0 1 
1 1 0 1 0 0 0 0 0 1 0 0 0 1 0 0 0 0 0 1 0 1 1 0 0 0 0 0 0 1 
1 1 0 0 1 0 1 1 0 0 0 1 0 1 0 1 0 0 0 0 0 1 0 1 1 0 0 0 0 1 
1 0 0 0 0 0 1 0 0 1 0 0 0 0 0 1 0 1 0 0 0 0 1 0 0 0 0 0 0 1 
1 1 0 0 0 0 0 1 1 0 0 0 0 0 1 1 1 0 0 0 0 0 0 1 0 0 0 0 0 1 
1 0 0 1 0 0 1 1 1 0 0 1 0 1 0 1 0 0 0 0 1 0 0 0 0 0 0 0 1 1 
1 1 0 0 0 0 0 0 0 0 0 0 0 0 0 0 0 0 0 0 0 0 0 1 1 0 0 0 1 1 
1 0 0 1 0 1 0 1 0 0 0 1 0 1 0 0 0 0 0 0 1 0 1 0 0 0 1 0 0 1 
1 0 1 0 1 0 0 0 0 1 0 1 0 1 0 0 1 0 0 0 1 0 0 0 1 0 0 0 0 1 
1 1 1 1 1 1 1 1 1 1 1 1 1 1 1 1 1 1 1 1 1 1 1 1 1 1 1 1 1 1 
92 73
1 1 1 1 1 1 1 1 1 1 1 1 1 1 1 1 1 1 1 1 1 1 1 1 1 1 1 1 1 1 1 1 1 1 1 1 1 1 1 1 1 1 1 1 1 1 1 1 1 1 ...
1 1 1 1 1 0 0 1 0 0 0 1 0 1 1 0 0 0 0 1 1 1 1 0 0 0 1 0 1 0 0 0 0 0 0 0 0 1 0 0 0 0 0 1 0 0 0 0 0 0 ...
1 1 0 0 0 1 0 0 0 0 0 1 1 0 1 1 1 0 0 0 0 1 1 1 1 0 1 1 0 0 0 0 0 0 1 0 0 0 1 0 1 0 0 1 1 0 1 1 0 0 ...
1 0 0 0 0 0 0 1 1 0 0 0 0 0 0 0 0 0 0 0 0 1 0 1 1 0 0 0 1 1 0 0 0 1 0 0 0 0 0 0 0 1 0 1 0 0 0 1 0 0 ...
1 0 1 1 0 1 1 1 1 0 1 0 1 0 0 0 0 1 1 0 1 0 0 0 0 1 0 0 1 0 0 0 0 0 0 0 0 0 0 0 1 1 0 1 0 1 1 0 1 0 ...
1 0 0 0 1 0 0 0 1 0 0 1 1 0 0 0 0 0 1 1 0 1 1 0 0 0 1 1 0 0 0 1 0 0 0 0 0 1 0 0 0 1 0 0 0 0 0 0 1 0 ...
1 0 0 0 0 1 0 0 0 0 0 0 0 1 0 1 0 1 1 0 0 0 1 0 0 0 0 0 0 0 0 1 0 0 0 0 1 1 1 0 1 0 0 0 0 1 0 0 1 0 ...
1 1 0 1 0 0 0 1 0 1 1 1 1 0 1 0 1 0 0 1 0 0 1 1 0 0 0 0 0 0 0 0 0 0 0 0 1 0 0 0 0 0 0 0 0 0 0 0 0 0 ...
1 1 0 0 0 0 1 1 1 1 0 0 1 0 0 0 1 1 0 1 0 1 0 0 0 0 1 1 0 0 1 0 0 0 1 0 0 1 0 0 0 1 0 0 0 0 1 0 0 0 ...
1 0 0 0 0 1 0 0 1 0 0 0 0 1 X 1 0 0 0 0 0 1 0 0 1 0 1 0 0 1 0 0 0 0 0 0 0 1 0 0 0 1 0 1 0 1 0 0 0 1 ...
1 0 1 0 1 0 0 1 0 0 0 0 0 0 1 0 0 1 0 0 0 0 0 0 0 1 0 0 0 0 0 0 0 0 0 0 0 0 0 1 1 0 0 0 0 0 0 1 0 0 ...
1 1 0 0 1 0 0 1 0 0 1 0 0 1 0 0 0 0 0 1 1 0 0 1 0 1 1 0 0 1 0 0 1 0 1 0 0 0 0 0 1 0 0 0 1 1 0 0 0 0 ...
1 0 0 0 1 0 0 0 1 0 0 1 0 0 1 0 0 0 1 0 1 1 0 1 1 0 0 0 0 0 0 0 0 1 0 1 0 1 0 0 0 1 0 1 0 0 0 0 0 0 ...
1 0 1 1 0 0 0 0 1 0 1 0 0 0 0 0 0 0 0 0 1 0 1 1 1 1 0 1 0 0 1 0 1 1 0 0 0 0 1 0 0 1 0 0 0 0 0 0 0 0 ...
1 0 0 0 0 0 1 1 0 1 0 1 0 0 0 0 0 0 0 0 0 1 0 0 0 0 0 0 1 0 0 0 0 1 0 0 0 1 0 1 0 0 0 0 0 1 0 0 0 1 ...
1 0 0 0 0 1 0 0 0 0 1 1 0 0 0 0 1 0 0 0 0 0 1 0 1 1 1 0 0 1 1 0 0 0 1 1 0 0 0 0 0 0 0 0 0 0 0 0 0 0 ...
1 1 1 0 0 0 0 0 1 1 0 0 0 1 1 0 0 1 1 0 1 0 0 0 0 1 0 1 0 1 0 1 0 0 0 0 0 1 1 1 1 1 0 0 0 0 1 0 0 1 ...
1 0 0 0 0 0 0 0 1 1 0 0 1 1 1 0 0 0 1 0 0 1 0 0 1 0 1 1 0 1 0 1 0 1 0 0 0 1 0 0 0 0 0 0 0 0 0 0 0 1 ...
1 0 0 0 0 0 1 0 0 0 0 0 0 1 0 1 1 1 0 1 1 0 1 0 0 1 0 0 0 0 0 1 1 0 0 0 0 0 0 0 0 0 0 1 0 1 0 0 0 0 ...
1 0 1 0 0 0 0 1 1 0 0 0 0 0 1 0 1 1 0 1 0 1 0 0 0 1 1 1 0 0 1 0 0 0 0 0 0 0 0 1 0 0 0 1 0 0 0 0 0 0 ...
1 0 1 0 1 1 1 0 0 0 0 0 1 0 0 0 0 1 0 1 0 0 0 1 0 1 0 0 1 0 0 1 0 0 0 0 0 1 1 0 1 0 1 1 0 0 1 0 0 0 ...
1 0 1 0 0 0 0 0 0 1 0 1 0 0 1 1 1 1 0 0 0 0 0 0 1 0 0 0 0 0 0 0 0 0 0 0 1 0 0 0 0 1 0 0 0 0 0 0 0 0 ...
1 1 1 0 0 0 0 1 1 1 1 1 1 0 0 1 0 0 0 0 1 0 0 0 0 0 1 1 0 1 0 0 1 0 0 0 1 0 0 0 0 0 1 0 1 0 0 0 1 0 ...
1 1 1 1 0 0 0 1 0 0 1 0 0 0 1 0 1 1 1 0 1 0 0 0 1 0 0 0 0 0 0 0 0 0 0 0 1 0 0 0 1 0 0 0 1 0 0 1 0 0 ...
1 0 0 1 0 0 0 0 0 1 1 0 1 1 1 0 1 0 0 1 1 0 0 0 0 0 1 1 1 1 0 0 0 1 0 0 0 0 1 1 0 0 0 0 0 0 0 0 0 0 ...
1 0 1 1 1 0 1 1 1 1 1 1 1 0 0 0 0 0 1 0 0 0 0 0 0 0 1 0 0 0 0 1 0 0 0 1 0 0 1 1 0 0 0 1 1 0 0 0 1 0 ...
1 0 1 0 1 1 0 0 1 1 1 0 1 0 1 0 0 0 0 1 0 0 0 0 0 1 0 0 0 1 0 1 0 0 0 0 0 0 1 0 0 0 0 0 0 0 1 0 0 0 ...
1 1 0 0 1 0 1 0 0 0 0 1 0 1 0 0 1 1 0 0 1 0 0 0 1 0 1 0 0 1 1 1 0 1 0 0 0 0 0 1 0 1 1 0 1 0 0 1 1 0 ...
1 0 0 0 1 0 0 0 0 0 1 1 0 0 1 0 0 1 0 0 1 0 0 0 0 0 0 0 1 0 1 0 0 1 0 0 0 0 1 0 0 1 0 0 1 1 0 0 1 1 ...
1 0 0 1 0 1 1 0 0 0 1 1 0 1 0 0 0 1 1 0 0 1 0 1 0 0 0 0 0 1 1 0 0 1 1 0 0 1 0 0 0 1 0 0 0 1 0 1 0 0 ...
1 0 0 0 0 0 0 1 0 1 1 0 1 1 0 0 1 1 0 0 1 0 1 0 0 0 1 0 0 0 1 1 1 1 0 0 1 1 0 0 1 0 0 0 0 1 1 0 0 1 ...
1 0 0 0 0 0 1 0 1 0 0 0 1 0 0 1 0 0 0 1 0 0 0 0 1 0 0 0 0 1 1 0 0 0 1 0 0 1 1 0 0 0 1 0 1 0 0 0 0 1 ...
1 0 0 0 0 0 1 0 0 0 1 0 1 0 0 0 1 0 0 0 0 0 1 0 1 1 0 1 0 0 0 0 0 0 1 0 1 1 1 1 1 0 0 1 0 1 1 0 0 0 ...
1 0 1 1 0 0 1 0 0 0 1 0 0 1 1 0 0 1 0 0 0 1 1 0 0 0 0 1 1 0 0 0 0 1 0 1 0 0 0 0 0 0 1 0 0 0 1 0 0 0 ...
1 0 0 0 0 0 0 0 0 0 0 1 1 1 0 1 0 0 0 0 0 0 0 0 0 0 0 1 0 1 0 0 0 0 1 0 0 0 0 1 1 0 1 1 0 1 0 0 1 1 ...
1 1 0 0 1 1 0 0 1 1 0 0 1 0 0 1 0 0 0 1 0 0 0 0 1 0 1 0 0 1 1 1 0 0 1 0 1 0 0 1 0 1 1 0 0 0 1 0 0 0 ...
1 0 0 0 0 0 1 0 0 0 0 1 0 0 0 1 0 0 0 1 1 0 0 0 0 0 1 0 0 1 0 0 0 0 1 1 0 0 0 0 0 0 1 0 1 0 1 0 0 1 ...
1 1 0 0 0 0 0 0 0 1 1 1 0 1 0 1 0 0 1 0 0 0 1 1 1 0 1 0 0 1 0 1 1 1 0 0 1 1 0 1 0 0 1 1 0 0 1 0 0 1 ...
1 1 1 0 0 1 0 0 1 0 0 1 0 0 1 0 0 0 1 1 1 1 0 0 0 0 0 0 0 0 0 0 0 0 1 1 0 0 0 0 0 1 0 0 0 0 1 1 1 1 ...
1 0 0 0 0 0 0 1 1 0 1 0 0 1 0 0 0 0 0 1 0 1 0 0 0 0 1 0 0 0 0 1 0 0 0 0 1 0 0 1 0 1 0 1 0 0 1 0 0 0 ...
1 0 0 0 0 1 0 0 0 0 1 0 0 0 0 1 0 0 0 0 1 0 0 0 1 0 0 1 0 0 1 1 0 0 0 0 0 0 0 0 0 0 0 0 0 0 0 0 1 0 ...
1 0 0 0 0 0 0 0 1 1 0 0 0 1 0 0 0 0 0 1 1 1 0 1 1 0 0 0 0 0 0 0 1 0 0 0 1 0 1 1 0 0 0 1 0 0 0 1 0 0 ...
1 0 0 1 0 0 0 1 0 0 0 0 1 1 0 1 1 0 0 0 0 0 1 1 0 0 1 1 0 0 1 0 0 0 0 0 0 1 1 0 0 0 1 0 0 0 0 1 0 0 ...
1 1 0 1 0 0 0 0 0 0 0 1 1 0 0 0 0 0 0 1 0 0 0 0 1 0 0 0 0 0 0 0 0 0 0 0 0 1 0 0 0 0 0 0 0 1 0 0 0 0 ...
1 0 0 0 0 0 1 0 0 0 1 0 0 0 0 0 0 1 1 1 0 0 1 1 0 1 1 0 0 0 0 0 0 0 1 1 1 1 0 0 1 1 1 0 1 0 0 1 0 0 ...
1 1 0 0 0 0 0 0 0 1 0 1 0 1 0 0 0 0 1 0 0 0 0 0 0 0 0 0 0 0 1 1 0 0 0 0 1 0 1 0 0 0 0 0 0 0 0 0 1 0 ...
1 0 0 0 1 0 1 0 1 1 0 1 0 0 0 0 1 1 1 0 1 0 0 0 0 0 1 0 0 1 0 0 0 1 0 0 0 0 1 1 0 0 1 1 1 0 0 0 1 0 ...
1 1 1 0 0 0 0 1 0 0 0 1 0 0 1 1 1 0 0 0 1 1 1 0 1 0 0 0 0 1 0 0 1 0 1 1 0 0 1 1 1 0 1 0 0 0 1 0 0 0 ...
1 1 0 1 0 1 0 0 1 1 0 0 0 0 0 0 0 1 0 1 0 0 1 0 0 0 1 1 0 0 1 0 1 0 1 0 0 0 1 0 0 0 0 0 1 0 1 0 0 0 ...
1 0 0 1 1 0 0 0 0 0 0 0 0 0 0 0 0 0 0 1 0 1 0 1 0 0 0 0 0 0 0 0 0 0 0 0 0 1 0 1 1 0 0 0 1 0 0 0 1 1 ...
1 0 0 0 1 1 0 0 0 0 0 0 0 0 0 0 0 0 0 0 0 0 0 0 0 0 0 0 0 0 0 0 1 1 0 1 0 1 1 0 0 0 1 0 0 0 1 0 0 0 ...
1 0 0 0 1 0 0 0 0 1 0 0 1 0 1 0 0 0 0 1 0 0 0 0 0 1 1 1 1 1 0 0 0 1 1 0 0 1 0 1 1 1 0 1 0 0 0 1 0 0 ...
1 1 0 0 0 1 0 0 1 0 0 1 0 0 0 0 0 1 0 0 0 1 0 0 0 0 1 1 0 0 1 1 0 1 0 0 0 0 1 1 0 0 1 1 0 0 0 1 0 0 ...
1 0 1 0 0 0 0 1 0 0 0 0 1 0 0 0 1 1 1 0 1 0 0 0 1 0 0 0 0 0 0 1 1 1 0 0 0 1 0 1 0 0 1 0 0 0 1 0 0 1 ...
1 0 0 0 0 0 0 0 1 0 0 1 0 0 1 1 1 0 0 0 1 0 1 0 0 1 0 0 1 0 1 0 1 0 0 0 0 0 1 0 1 1 0 0 0 0 0 1 0 0 ...
1 0 0 1 0 0 0 0 0 0 0 0 0 0 0 0 1 0 0 0 0 0 0 0 0 0 1 0 1 0 0 1 1 1 1 0 0 0 1 1 0 0 0 0 1 0 0 1 0 0 ...
1 1 1 0 0 1 0 0 1 0 0 0 0 1 0 1 0 0 0 0 0 0 0 0 0 0 0 0 0 1 0 0 0 0 0 1 1 0 0 0 0 1 0 1 1 0 0 0 0 1 ...
1 1 0 0 1 1 0 1 0 1 0 0 1 0 0 1 0 0 0 0 0 0 0 0 1 0 1 0 0 0 0 0 0 1 0 0 0 0 1 1 0 0 0 0 0 0 0 0 1 0 ...
1 0 0 0 0 0 0 0 0 0 1 0 0 0 0 1 0 0 1 1 0 1 1 0 0 0 0 0 0 0 0 0 0 0 0 0 1 1 1 0 0 1 0 0 0 0 0 0 0 0 ...
1 1 1 0 0 0 0 0 1 0 0 0 1 0 0 1 1 0 0 1 0 0 0 1 0 1 0 0 0 0 0 1 0 0 0 0 0 0 1 0 0 0 1 1 0 1 1 0 0 0 ...
1 0 0 1 0 1 0 0 1 1 1 1 1 0 0 1 0 0 0 1 0 0 0 0 1 0 0 0 0 0 0 1 0 1 1 0 0 0 1 0 1 0 0 1 0 1 1 0 0 1 ...
1 0 1 0 1 0 1 1 1 1 0 0 0 0 0 1 0 0 0 0 1 0 0 0 1 1 0 0 0 0 0 1 0 1 0 1 0 0 1 0 0 0 1 0 1 0 0 1 0 0 ...
1 0 0 0 1 1 0 0 0 0 0 0 1 0 0 0 0 0 0 0 0 0 0 0 0 1 1 0 0 0 0 0 0 1 1 0 1 0 0 0 0 0 0 0 1 1 1 0 0 1 ...
1 0 0 0 0 0 0 1 0 1 0 0 1 0 0 0 0 0 0 0 1 1 1 0 1 0 1 1 0 1 0 1 1 0 0 1 0 1 1 1 0 1 0 0 0 1 1 1 0 0 ...
1 1 0 0 1 0 1 0 0 0 1 0 0 0 1 1 0 0 1 1 0 0 1 0 0 0 0 0 1 0 0 0 0 0 0 0 1 0 0 0 0 1 1 0 0 1 1 0 0 1 ...
1 0 0 0 0 0 1 0 1 0 0 0 0 1 0 0 0 0 1 0 0 0 0 0 1 0 1 1 1 0 0 0 1 1 0 0 1 0 0 0 1 1 0 0 0 1 1 0 0 0 ...
1 0 0 0 0 1 0 0 1 0 0 0 1 1 0 0 0 0 1 0 1 0 1 1 0 1 0 0 1 0 0 0 1 1 0 0 1 0 1 1 0 0 0 0 1 1 0 0 1 1 ...
1 0 0 0 0 0 0 1 0 1 0 0 0 0 1 1 0 1 0 1 0 0 1 0 1 1 0 0 1 0 0 0 1 0 0 0 0 1 0 0 1 0 0 0 0 0 0 0 0 0 ...
1 0 0 0 0 1 0 0 0 1 0 0 0 1 0 0 0 1 1 1 0 1 0 1 0 0 1 0 1 0 0 0 0 1 1 0 1 0 0 1 1 0 0 0 0 0 0 0 0 0 ...
1 1 0 0 0 0 1 1 0 0 1 0 0 1 0 0 0 0 1 0 0 0 0 0 0 1 1 1 0 0 1 0 0 0 1 0 1 0 0 0 1 1 0 0 1 1 0 0 0 0 ...
1 0 0 0 0 0 0 0 1 0 0 0 1 1 0 1 0 0 0 0 0 1 1 0 0 1 0 1 0 0 1 1 0 0 1 0 0 0 0 0 0 0 0 0 0 1 0 0 0 0 ...
1 0 0 0 0 1 1 0 0 0 1 1 1 0 0 0 0 0 0 0 0 0 0 1 1 0 1 1 1 0 0 0 0 1 0 1 1 0 0 0 1 0 0 1 0 0 0 0 0 0 ...
1 1 1 1 1 1 1 1 1 1 1 1 1 1 1 1 1 1 1 1 1 1 1 1 1 1 1 1 1 1 1 1 1 1 1 1 1 1 1 1 1 1 1 1 1 1 1 1 1 1 ...
80 95
1 1 1 1 1 1 1 1 1 1 1 1 1 1 1 1 1 1 1 1 1 1 1 1 1 1 1 1 1 1 1 1 1 0 1 1 1 1 1 1 1 1 1 1 1 1 1 1 1 1 ...
1 1 0 0 0 1 0 0 0 1 0 1 0 0 1 0 0 0 0 1 0 0 0 0 0 0 1 1 0 1 0 1 1 1 0 0 0 0 0 0 0 0 1 0 0 1 0 1 1 0 ...
1 0 0 0 0 0 0 0 1 0 0 0 0 0 0 0 0 0 0 1 0 0 0 0 1 1 0 0 0 0 0 0 0 1 0 1 0 0 0 0 0 0 1 1 1 0 0 0 0 1 ...
1 0 0 0 1 1 0 0 1 0 1 0 0 1 0 0 0 1 0 0 1 0 1 0 0 1 0 1 1 0 0 1 0 0 0 0 0 1 0 0 0 0 0 0 0 1 0 0 1 0 ...
1 0 1 0 0 0 0 0 0 1 0 1 1 1 1 0 1 1 0 1 0 1 0 0 0 0 0 0 1 1 0 0 0 X 0 0 1 0 0 0 0 1 1 0 1 1 0 1 1 0 ...
1 0 1 0 1 0 0 0 0 0 1 0 1 0 0 0 0 0 0 0 0 1 0 0 1 0 0 1 1 1 0 0 0 0 0 0 1 1 1 0 0 0 0 0 1 1 1 0 0 0 ...
1 0 0 1 0 1 0 1 0 0 0 0 0 1 0 0 0 0 0 0 1 1 0 1 0 0 0 0 1 0 0 0 1 1 0 0 1 1 1 0 0 0 0 0 0 1 1 1 0 0 ...
1 0 0 0 1 0 1 1 0 0 1 1 1 0 0 1 1 0 0 0 0 0 0 0 0 0 0 1 0 0 0 0 1 0 0 0 0 0 0 1 0 0 1 1 0 0 0 0 0 0 ...
1 1 0 0 0 0 1 0 0 1 0 0 0 0 0 0 0 0 1 0 0 0 0 1 1 0 1 0 0 1 0 0 0 1 0 0 0 1 0 1 0 1 0 0 0 0 0 1 1 0 ...
1 1 0 0 0 0 0 0 0 0 1 1 0 0 0 0 0 0 0 0 0 1 0 0 0 0 0 0 1 0 0 1 0 0 0 0 0 0 0 0 1 0 0 1 0 0 0 0 0 1 ...
1 0 0 0 0 0 0 0 0 0 1 0 0 1 0 1 1 1 1 1 0 1 1 0 1 1 1 0 1 0 0 1 1 1 0 0 1 1 0 0 0 0 0 0 1 0 0 0 0 0 ...
1 0 1 0 1 1 0 0 1 1 0 0 0 1 0 0 0 0 0 0 0 1 0 0 0 1 1 1 0 0 0 0 0 0 1 0 0 1 1 0 0 0 0 1 1 0 0 0 0 0 ...
1 0 0 0 0 1 0 0 1 0 0 0 0 1 1 0 0 1 0 0 0 0 0 1 0 0 1 1 0 0 1 0 1 0 0 0 0 1 0 0 0 0 0 0 0 0 0 0 1 0 ...
1 0 1 1 0 1 0 0 0 0 0 0 0 0 0 0 0 0 1 0 0 0 1 0 1 1 1 1 0 1 0 1 0 0 1 0 0 0 1 0 0 0 1 1 1 0 0 0 1 1 ...
1 0 0 1 0 0 1 0 0 1 0 0 1 0 1 1 1 0 0 1 0 0 1 1 0 0 0 1 1 0 0 1 1 0 1 0 1 1 0 0 1 0 1 1 1 0 0 1 1 1 ...
1 1 0 1 0 0 0 0 0 0 1 1 0 1 0 0 0 0 0 0 1 0 1 0 1 0 0 0 0 0 1 0 1 0 1 1 1 0 0 0 0 0 0 1 0 0 0 0 1 0 ...
1 1 0 0 0 0 0 0 0 0 0 0 1 0 1 1 0 0 1 0 0 0 0 0 1 0 1 0 1 1 0 1 0 1 0 0 0 1 0 0 1 0 1 1 0 0 1 1 0 1 ...
1 1 0 0 1 0 1 0 1 1 0 0 1 0 0 0 0 0 0 0 0 1 0 0 0 1 1 0 0 0 1 0 1 1 0 0 0 0 0 0 0 0 0 0 0 1 1 1 0 0 ...
1 0 1 0 0 1 0 0 0 0 0 0 0 0 0 0 0 0 0 0 1 0 0 0 1 0 0 0 0 0 0 0 1 1 1 0 0 0 1 1 1 0 0 0 0 1 0 0 0 0 ...
1 0 1 0 0 0 0 1 1 0 0 0 0 0 0 0 0 0 0 1 0 0 1 0 1 0 1 1 0 1 0 0 1 1 0 0 1 0 0 0 0 0 1 1 0 0 0 0 0 0 ...
1 0 0 0 0 0 1 0 1 0 0 0 1 0 0 0 1 0 1 0 0 0 1 0 0 1 0 1 0 0 0 1 0 1 0 0 1 0 0 1 1 0 0 0 0 1 0 0 0 1 ...
1 1 0 0 0 0 1 0 0 0 0 1 0 0 0 0 0 1 1 0 0 0 0 1 1 1 0 0 0 0 1 0 0 1 1 1 0 0 0 0 0 0 0 1 0 0 0 1 0 0 ...
1 0 0 0 0 1 0 1 0 1 0 1 1 1 0 0 1 1 0 0 0 1 0 1 0 0 0 0 1 0 0 1 0 0 1 0 0 0 0 1 1 0 1 0 1 1 1 0 1 0 ...
1 1 0 1 0 1 1 0 1 1 1 0 0 0 0 0 0 0 1 0 0 1 0 0 1 0 0 0 0 0 0 0 0 0 0 1 0 0 0 0 0 0 0 0 0 1 0 0 0 1 ...
1 0 0 0 0 1 0 0 1 0 0 0 0 0 0 0 0 0 0 0 1 0 0 1 0 0 0 0 0 1 1 1 0 0 0 1 0 0 0 0 1 0 0 0 0 1 0 1 0 0 ...
1 0 0 1 0 1 0 0 1 1 0 1 1 0 0 1 0 1 0 1 0 0 0 0 0 0 0 1 0 1 0 1 0 0 0 0 0 0 0 0 1 0 0 0 1 1 0 0 1 1 ...
1 0 0 0 1 1 1 1 1 0 0 0 0 1 1 0 1 0 1 0 0 1 0 0 0 1 1 0 0 1 0 1 0 1 0 1 1 1 0 0 0 0 0 1 0 0 0 0 0 0 ...
1 1 1 1 0 0 0 1 0 0 1 0 0 1 1 0 0 0 0 0 0 1 1 1 0 1 1 0 0 0 1 0 0 1 0 0 1 0 1 0 0 1 1 1 0 1 0 0 1 0 ...
1 0 1 1 0 0 0 1 0 0 0 0 0 0 0 0 0 0 0 0 0 0 0 0 0 0 0 1 0 0 0 0 0 0 1 1 0 0 0 1 0 1 0 0 0 1 0 0 0 0 ...
1 0 1 0 0 1 0 1 0 1 0 1 0 0 1 0 1 0 0 0 0 0 0 0 0 0 0 0 0 0 0 0 0 0 0 0 0 0 0 0 0 1 0 1 0 0 0 0 0 0 ...
1 0 0 0 0 0 0 0 0 1 1 1 1 0 0 1 0 0 0 0 0 0 1 1 0 1 1 0 0 0 0 0 0 0 1 0 0 0 1 0 0 0 0 0 0 0 0 1 1 1 ...
1 0 0 0 1 0 0 1 1 0 0 0 0 1 1 0 0 0 0 0 1 0 0 0 1 1 1 1 0 0 0 0 1 1 1 0 0 1 0 1 0 0 0 0 0 0 1 1 1 0 ...
1 1 0 0 0 1 1 1 0 0 1 0 0 0 0 1 0 0 1 0 0 0 0 0 0 1 1 0 1 1 1 0 0 0 1 0 1 0 0 0 0 0 1 0 1 0 1 0 1 1 ...
1 0 1 1 0 1 1 1 0 0 0 0 0 0 0 0 0 0 1 0 0 0 0 1 1 0 0 0 1 0 0 0 1 1 0 0 1 0 0 0 0 0 0 0 0 0 1 0 0 0 ...
1 0 1 0 0 1 0 0 0 0 1 0 0 0 0 0 0 0 1 0 0 0 0 0 0 0 0 1 0 0 0 0 0 0 1 1 0 0 0 0 0 0 0 1 0 1 0 0 0 0 ...
1 0 0 0 0 1 1 0 0 0 1 0 0 0 0 0 0 0 1 0 0 1 1 1 0 0 0 1 0 0 1 0 0 1 0 0 1 0 1 0 0 0 1 1 1 0 1 0 0 1 ...
1 0 0 1 0 0 0 0 0 1 1 0 1 1 0 1 1 1 0 0 1 0 1 0 1 1 0 0 0 0 1 0 0 0 0 1 0 0 0 1 0 0 0 0 0 0 0 0 0 1 ...
1 0 1 1 0 0 0 1 0 0 0 0 0 0 0 1 1 0 0 0 0 0 0 0 0 0 0 0 1 1 0 1 0 1 1 0 0 0 0 0 0 1 0 1 0 0 0 0 0 0 ...
1 0 0 1 1 0 0 1 0 0 1 0 1 0 0 0 1 0 1 0 1 1 0 0 0 0 1 1 1 0 0 0 0 1 0 0 0 1 0 0 0 0 0 0 0 1 0 1 0 0 ...
1 0 0 1 0 0 0 1 1 1 0 0 0 0 0 1 0 0 0 0 1 0 1 0 0 0 1 1 1 0 0 0 0 1 0 0 0 0 0 0 1 0 1 0 0 0 0 0 0 1 ...
1 1 1 1 0 0 0 1 1 0 1 0 1 1 1 1 0 0 0 0 0 1 0 1 0 0 0 1 1 1 1 0 0 0 1 1 0 0 1 1 1 0 0 1 0 0 0 0 0 0 ...
1 1 0 0 0 1 0 0 0 0 0 0 1 1 1 0 0 0 0 0 0 0 0 1 1 1 1 1 0 1 0 0 1 1 0 0 1 1 1 0 0 0 1 0 0 1 1 0 0 0 ...
1 0 0 0 1 0 0 0 0 0 1 0 0 0 0 0 1 1 1 0 0 0 0 0 0 0 0 1 0 0 0 0 0 0 1 0 0 0 1 0 0 1 0 0 0 0 0 0 0 1 ...
1 1 0 0 0 0 1 1 0 1 0 0 0 0 1 0 0 0 0 0 0 0 1 1 0 0 0 0 1 0 1 0 0 0 0 0 0 0 0 0 0 0 0 1 1 0 0 0 0 0 ...
1 0 0 0 0 0 0 0 0 1 0 0 0 0 1 1 0 0 0 0 0 0 0 0 1 0 1 0 0 1 0 0 0 0 1 0 0 1 0 1 1 0 0 1 0 0 0 0 0 1 ...
1 0 0 0 0 1 0 0 0 1 0 0 1 1 0 0 0 0 0 0 0 1 0 0 0 0 1 0 0 0 0 1 0 1 0 0 1 0 1 1 0 0 0 0 0 1 1 1 0 0 ...
1 0 0 0 0 0 0 0 0 0 0 0 0 0 0 1 1 1 0 0 0 0 0 0 0 0 0 0 0 1 0 0 0 0 1 0 0 1 1 0 0 0 0 1 0 0 0 0 0 0 ...
1 0 1 0 0 0 1 0 1 0 0 0 0 0 0 0 0 0 0 0 0 0 1 0 0 0 0 0 0 1 0 0 0 0 0 0 0 0 1 0 0 1 1 0 0 0 0 0 1 1 ...
1 0 1 0 0 0 0 1 0 1 0 0 0 0 1 1 0 1 1 0 0 0 1 0 0 1 1 0 0 1 0 0 0 0 0 0 0 0 0 1 0 0 1 0 1 1 1 0 0 1 ...
1 1 1 0 1 0 0 1 0 0 1 0 0 1 0 0 1 0 0 1 0 0 1 0 0 0 1 0 0 0 0 1 0 0 0 1 0 0 1 0 1 0 1 1 1 0 0 1 0 1 ...
1 0 0 0 1 0 0 1 0 1 0 0 0 0 0 0 0 0 0 0 0 0 0 1 0 1 1 1 0 1 0 0 0 0 0 0 0 0 1 1 0 0 1 0 1 0 1 0 0 0 ...
1 1 0 0 0 0 1 0 0 0 1 0 0 0 0 0 0 1 1 0 0 1 1 0 0 0 0 0 0 0 0 0 1 1 1 0 0 0 0 0 0 0 0 1 1 0 0 1 0 0 ...
1 0 0 0 0 0 0 0 0 0 0 0 0 0 0 1 0 0 0 0 0 0 1 0 0 1 1 0 0 1 0 0 0 1 0 0 0 1 0 1 1 0 1 0 1 0 0 0 1 1 ...
1 0 1 0 1 0 0 0 0 1 0 1 0 0 1 1 1 1 0 0 0 0 0 0 1 0 0 0 1 1 0 1 0 0 1 0 0 0 0 0 0 1 0 0 0 0 0 1 0 0 ...
1 1 0 0 0 0 0 0 0 0 0 0 0 0 0 0 0 0 1 0 0 0 0 1 0 1 0 0 0 1 0 1 0 0 0 1 1 0 0 0 1 0 1 0 0 0 0 1 1 0 ...
1 0 1 1 0 0 0 0 0 0 0 0 0 1 0 0 1 0 0 1 1 0 1 0 0 0 1 0 0 0 0 0 0 0 0 0 0 0 1 0 1 1 0 0 1 0 1 0 0 1 ...
1 0 0 0 0 0 1 1 0 0 1 0 0 0 0 0 0 1 1 0 1 1 0 0 1 0 0 0 0 0 0 0 1 0 0 0 0 0 0 0 0 0 1 0 1 1 0 1 1 0 ...
1 0 1 0 0 0 0 0 0 0 0 0 0 0 1 0 0 1 0 0 1 0 1 0 0 0 0 0 0 0 0 1 1 0 0 0 0 1 0 0 0 0 0 1 0 1 0 0 1 0 ...
1 0 1 1 0 0 1 0 1 0 0 1 0 0 0 1 0 1 0 0 1 0 0 0 0 0 0 1 0 1 0 0 0 0 0 0 1 0 1 0 0 0 0 1 0 1 1 1 1 0 ...
1 0 0 0 1 0 0 0 1 0 0 0 0 1 0 0 0 1 0 0 0 0 0 1 0 0 0 0 0 1 0 0 1 0 0 1 0 0 0 0 0 0 0 0 0 0 0 0 0 0 ...
1 0 0 1 0 0 1 1 1 0 0 1 0 0 1 0 1 0 0 0 1 0 1 1 0 0 0 0 1 1 0 1 0 1 1 0 0 1 0 1 0 0 1 1 0 0 0 0 1 0 ...
1 0 0 0 0 0 1 0 0 0 0 0 0 1 0 1 0 1 1 0 1 0 1 0 0 0 0 0 0 1 0 1 0 0 0 0 0 0 0 0 1 0 0 0 1 0 0 0 0 0 ...
1 0 1 1 0 0 1 0 0 0 0 0 0 1 0 1 0 0 0 1 1 0 0 0 0 0 1 0 0 1 1 0 0 1 0 1 0 1 0 0 0 1 0 1 0 1 0 0 0 0 ...
1 0 0 0 0 0 1 0 1 0 1 1 0 1 1 1 1 0 1 1 0 0 0 0 0 0 0 0 0 0 0 0 0 0 1 0 0 1 1 0 0 0 0 1 0 0 1 0 0 0 ...
1 0 0 1 0 1 0 1 0 0 0 1 1 0 1 0 1 0 0 1 0 0 0 1 0 0 0 0 0 0 0 0 0 0 0 1 1 1 1 0 0 0 1 0 1 0 1 1 1 1 ...
1 1 0 1 0 0 0 0 0 1 1 0 0 0 0 0 1 1 1 0 1 0 0 0 0 1 0 1 0 0 0 1 0 0 1 0 1 0 0 0 1 1 0 0 1 0 1 0 0 0 ...
1 0 0 0 0 0 1 1 1 0 1 0 0 0 0 0 0 0 0 0 0 0 0 0 0 0 1 0 0 0 1 0 0 1 0 1 0 0 0 0 0 0 0 0 0 1 0 1 0 0 ...
1 0 1 1 0 0 1 1 0 0 0 0 0 0 0 0 0 1 0 0 0 0 1 0 0 1 1 0 0 1 1 1 0 0 1 0 1 1 0 0 1 0 1 0 0 0 0 1 0 0 ...
1 0 0 1 0 0 1 0 0 1 0 1 0 0 1 1 1 1 1 0 0 1 0 1 0 1 0 1 1 0 0 1 1 0 1 0 1 1 0 0 1 1 0 0 0 0 1 0 0 1 ...
1 0 0 0 1 0 1 0 0 0 0 0 0 0 0 1 0 0 0 1 1 1 0 0 1 0 0 0 0 1 0 1 1 0 0 1 0 0 0 0 0 0 0 0 0 0 1 0 0 1 ...
1 0 0 0 0 0 0 1 0 0 1 1 1 1 0 1 0 1 0 1 1 1 0 1 0 0 1 0 1 0 1 0 0 1 1 1 0 0 0 0 0 0 0 0 0 0 1 0 0 0 ...
1 0 0 0 1 0 0 0 1 0 0 0 0 0 0 0 0 0 0 0 0 0 1 1 0 0 0 1 0 1 0 0 1 0 0 1 0 0 0 0 0 1 1 1 0 0 0 1 0 1 ...
1 0 0 1 0 1 0 0 0 0 0 0 1 0 0 0 0 0 0 1 0 0 0 1 0 0 0 0 1 0 0 0 0 1 0 0 0 0 0 0 1 1 1 1 0 0 0 0 0 0 ...
1 0 0 0 0 1 0 0 1 0 1 0 0 0 1 0 0 1 1 1 1 0 0 0 0 0 0 0 0 0 0 1 1 0 1 0 1 0 1 1 1 0 0 0 0 1 1 0 1 1 ...
1 1 0 0 0 0 1 1 1 1 0 0 0 0 0 0 1 1 0 1 1 0 0 0 0 1 0 0 1 0 1 0 0 1 1 1 0 0 0 1 0 0 0 0 0 0 1 0 0 0 ...
1 0 0 0 0 0 0 1 0 0 0 1 0 0 1 0 1 0 0 1 0 1 1 0 0 0 0 0 1 1 1 0 1 0 0 0 0 0 0 1 0 0 1 0 1 0 0 1 0 0 ...
1 0 0 0 1 0 0 0 1 0 1 0 0 0 0 0 0 0 1 0 0 0 0 0 0 0 0 1 1 1 0 0 0 0 0 0 0 1 0 1 0 1 0 0 0 0 0 1 0 0 ...
1 0 0 1 1 1 0 0 0 0 0 1 1 1 0 1 1 0 0 1 0 1 0 1 0 0 1 0 0 0 0 0 1 0 1 1 0 0 0 0 0 0 1 0 0 0 0 0 1 0 ...
1 0 1 0 1 1 0 0 1 0 0 0 0 0 0 1 0 0 0 0 0 1 1 1 0 0 0 0 1 1 0 0 0 1 0 0 0 1 0 0 0 0 0 0 0 0 1 0 1 0 ...
1 0 0 0 0 0 0 0 1 0 1 1 0 0 0 0 1 0 0 0 0 0 1 1 0 1 0 0 0 0 1 0 1 0 1 0 0 0 0 0 0 0 0 1 0 1 0 0 0 1 ...
1 0 0 0 1 0 0 0 1 0 1 0 1 0 0 0 1 1 0 1 0 0 0 1 0 0 0 0 0 0 1 0 0 0 1 0 0 0 0 0 1 1 0 0 0 0 1 0 0 1 ...
1 0 0 1 0 0 0 0 0 0 0 1 0 1 0 0 0 0 0 0 0 0 0 0 1 0 1 0 1 0 1 0 0 0 0 0 0 1 0 0 0 0 1 0 1 0 1 0 0 1 ...
1 1 1 0 0 0 1 0 0 1 1 0 1 1 1 1 0 1 0 0 1 1 1 0 1 0 0 0 0 0 0 0 0 0 0 0 0 0 1 0 0 1 0 1 1 0 1 0 1 0 ...
1 1 1 0 0 0 0 0 0 0 0 0 0 0 1 0 0 0 1 1 0 0 1 1 0 0 1 0 0 1 0 0 0 0 0 0 0 1 1 0 0 0 0 0 0 1 0 0 0 0 ...
1 0 1 1 0 0 0 0 1 0 0 1 0 0 0 0 0 1 1 0 0 0 0 1 0 1 0 0 0 0 1 1 0 1 0 1 0 0 0 0 0 0 0 0 0 0 1 1 0 1 ...
1 0 1 1 0 0 0 0 1 0 0 0 0 1 0 0 1 0 1 0 0 0 1 1 1 0 1 0 1 1 0 0 0 1 0 1 0 0 0 0 0 0 1 1 0 0 0 0 0 1 ...
1 1 0 1 1 0 0 0 1 1 1 1 1 1 0 1 0 0 0 0 0 1 0 0 0 1 0 0 0 1 0 0 0 0 0 1 0 0 0 0 1 1 1 1 1 0 0 0 0 0 ...
1 1 0 1 0 0 0 0 1 0 0 0 0 1 1 1 0 0 0 0 0 0 1 0 0 0 0 0 0 0 0 0 0 1 0 0 0 0 0 0 0 0 1 0 1 0 0 0 0 0 ...
1 1 0 1 0 0 0 1 0 1 0 0 0 1 0 0 0 1 0 0 0 1 1 0 1 0 0 0 0 0 0 0 1 1 0 0 0 0 0 1 0 1 0 0 1 0 0 0 0 1 ...
1 0 0 0 0 0 1 1 0 1 0 0 0 0 0 1 0 1 0 1 0 1 0 1 0 1 0 1 0 0 0 1 0 0 0 0 0 0 0 0 1 0 0 0 1 0 0 0 0 1 ...
1 0 0 0 0 0 0 0 1 1 0 0 0 0 0 1 0 0 0 0 1 1 0 1 0 0 1 0 0 0 0 0 0 0 1 0 1 0 0 0 1 1 0 0 0 1 0 1 0 1 ...
1 0 1 1 0 0 0 0 0 0 0 0 0 1 0 0 0 1 0 1 0 1 1 0 0 0 1 0 1 1 0 0 0 0 0 0 0 0 0 0 0 0 0 0 1 1 0 0 1 0 ...
1 0 0 0 0 0 1 0 0 0 0 1 0 0 0 1 1 1 0 0 1 0 1 1 0 0 0 0 1 0 1 0 0 0 0 0 1 1 0 1 0 1 1 0 1 0 1 0 0 0 ...
1 0 0 0 0 0 0 1 1 1 1 0 0 0 0 0 0 0 0 1 0 0 0 0 0 0 0 0 1 0 0 0 0 0 0 1 0 0 1 0 0 1 0 0 0 0 1 1 0 0 ...
1 1 1 1 1 1 1 1 1 1 1 1 1 1 1 1 1 1 1 1 1 1 1 1 1 1 1 1 1 1 1 1 1 1 1 1 1 1 1 1 1 1 1 1 1 1 1 1 1 1 ...
81 27
1 1 1 1 1 1 1 1 1 1 1 1 1 1 1 1 1 1 1 1 1 1 1 1 1 1 1 1 1 1 1 1 1 1 1 1 1 1 1 1 1 1 1 1 1 1 1 1 1 1 ...
1 0 0 0 1 0 0 0 1 0 0 0 0 0 0 0 0 0 0 1 1 0 0 1 0 0 0 1 0 0 0 1 1 0 0 1 0 0 0 1 0 0 0 0 0 1 1 1 0 0 ...
1 1 0 0 1 1 0 0 1 1 0 1 1 0 1 1 0 1 1 0 0 0 1 0 0 1 0 0 0 0 1 0 1 0 0 1 0 0 0 0 0 0 1 0 0 1 0 0 1 0 ...
1 0 0 0 0 1 0 0 0 0 0 0 0 0 0 0 1 1 1 1 0 0 1 0 0 1 1 1 1 0 0 0 0 0 0 1 0 0 0 1 0 1 1 0 1 0 0 1 0 0 ...
1 1 1 1 0 0 1 0 0 1 0 0 1 0 0 0 1 0 0 0 1 1 0 1 1 1 1 1 0 0 1 1 0 1 1 1 0 1 0 1 0 0 0 0 1 1 1 0 0 1 ...
1 1 0 0 0 1 1 0 1 0 0 0 0 0 0 1 0 0 0 1 0 1 0 0 0 0 0 0 0 0 1 1 1 0 0 0 0 1 0 0 0 0 1 1 0 0 0 0 0 0 ...
1 0 0 1 0 0 1 0 1 0 1 0 1 0 1 0 0 0 0 1 1 1 0 0 1 1 0 0 0 0 0 1 1 1 1 0 0 1 0 0 0 0 0 0 0 0 0 0 1 0 ...
1 0 0 1 1 0 0 0 0 0 0 0 0 1 0 0 0 0 1 0 0 1 0 0 0 0 1 0 1 0 1 0 1 0 0 1 1 1 0 0 0 0 0 1 0 0 0 1 1 0 ...
1 1 0 0 0 1 1 0 1 1 1 1 1 1 0 0 0 0 0 0 0 1 1 0 0 0 0 1 0 0 1 1 0 1 1 1 1 1 1 1 0 0 0 0 0 0 1 0 0 0 ...
1 1 0 1 1 0 0 0 0 1 0 0 0 0 1 1 0 0 0 0 1 1 1 1 1 1 0 0 1 0 1 0 0 1 0 0 0 1 0 1 0 0 0 0 0 0 0 0 1 0 ...
1 0 0 1 1 0 0 0 0 1 0 1 0 0 1 0 0 0 0 0 0 0 0 1 0 0 0 0 1 0 0 0 0 1 1 0 0 0 0 1 0 1 0 0 0 1 1 1 0 1 ...
1 1 1 0 0 0 1 1 0 1 1 0 0 1 0 0 0 1 0 0 0 0 0 0 1 0 1 0 0 0 1 0 0 0 0 1 1 0 0 1 0 1 0 0 1 1 0 0 1 0 ...
1 0 0 0 0 0 0 1 0 1 1 0 0 0 0 0 1 0 1 0 0 1 1 0 0 0 0 1 0 0 1 0 0 0 1 0 0 0 0 1 0 0 0 1 0 1 0 0 0 0 ...
1 0 1 1 0 0 0 1 0 1 0 1 1 0 0 0 1 0 0 0 0 0 1 0 0 0 1 1 0 0 0 0 1 0 0 0 0 0 1 1 1 0 0 1 0 0 0 0 1 0 ...
1 0 1 0 0 0 1 0 1 0 0 0 1 0 0 0 1 0 0 0 1 0 0 0 0 0 0 0 0 1 0 0 0 1 0 1 1 1 0 0 0 0 0 0 0 1 1 0 0 0 ...
1 0 1 0 1 0 0 0 0 0 0 0 1 0 1 1 0 0 1 0 0 1 1 0 1 0 0 0 0 0 0 0 0 0 1 0 1 0 0 0 0 1 0 0 0 0 0 1 1 0 ...
1 0 0 0 0 1 0 1 0 1 0 0 0 0 1 1 1 0 1 0 0 0 1 0 1 0 0 0 1 0 1 0 0 0 0 0 0 0 0 1 0 1 0 0 0 0 0 0 0 0 ...
1 1 0 0 1 0 0 0 0 0 1 0 1 1 1 1 0 0 0 1 0 0 1 0 1 0 0 0 1 0 0 1 0 0 0 1 0 0 0 0 0 0 0 1 0 0 0 0 1 1 ...
1 0 0 1 0 0 0 0 1 0 1 0 0 1 0 0 0 0 0 0 0 0 0 1 0 1 0 1 0 0 0 1 1 0 1 1 0 0 1 0 0 0 0 0 0 0 1 0 0 0 ...
1 0 0 1 0 0 0 1 0 0 0 0 0 0 1 0 0 0 0 0 0 0 0 1 1 1 1 1 1 0 0 0 0 0 0 1 1 0 0 0 0 0 1 1 1 0 0 0 0 1 ...
1 0 1 1 0 0 1 1 0 1 0 1 0 1 0 1 0 0 0 0 1 1 0 0 0 1 0 0 0 1 0 1 0 1 0 1 0 0 1 0 0 0 0 0 0 0 0 0 1 0 ...
1 0 0 0 0 0 1 0 0 0 0 0 0 0 0 0 0 1 0 0 0 0 0 1 0 1 0 1 1 0 0 1 1 0 0 0 1 0 1 0 1 0 1 0 0 1 1 0 1 0 ...
1 0 0 0 0 1 0 1 0 0 0 1 1 0 0 0 0 0 0 1 0 0 0 1 0 0 0 1 0 0 0 0 0 0 0 1 0 0 0 1 0 0 1 0 0 0 0 0 0 1 ...
1 1 1 0 0 1 1 0 0 0 0 1 0 0 0 1 0 1 0 1 1 0 0 1 0 0 0 0 0 0 0 0 0 0 0 0 0 1 0 0 0 0 0 0 1 1 0 0 0 1 ...
1 0 1 0 0 0 1 0 1 0 1 0 0 1 1 0 0 0 0 1 0 1 0 0 0 0 0 0 0 0 0 1 0 0 0 0 0 1 1 0 0 1 0 1 1 0 0 0 1 0 ...
1 0 1 1 0 0 0 1 0 0 1 1 0 1 1 0 0 0 1 0 0 0 1 0 0 1 0 0 0 0 1 0 0 0 1 0 1 0 0 1 0 0 0 0 0 1 0 1 0 0 ...
1 1 1 1 1 1 1 1 1 1 1 1 1 1 1 1 1 1 1 1 1 1 1 1 1 1 1 1 1 1 1 1 1 1 1 1 1 1 1 1 1 1 1 1 1 1 1 1 1 1 ...
83 54
1 1 1 1 1 1 1 1 1 1 1 1 1 1 1 1 1 1 1 1 1 1 1 1 1 1 1 1 1 1 1 1 1 1 1 1 1 1 1 1 1 1 1 1 1 1 1 1 1 1 ...
1 0 0 0 0 1 0 0 0 0 0 1 1 0 0 0 0 0 0 0 0 0 0 0 0 0 1 0 0 1 0 0 1 0 1 0 0 0 1 0 1 0 0 1 1 0 0 1 0 1 ...
1 0 0 0 0 0 0 0 0 0 1 1 1 0 0 0 0 0 0 0 0 1 1 1 0 1 0 1 0 1 0 0 0 0 1 0 1 0 0 0 0 1 1 1 0 0 0 0 0 1 ...
1 0 1 0 0 0 1 1 0 0 0 0 1 1 0 0 0 0 0 0 1 0 1 0 0 0 0 0 0 1 0 0 0 0 1 1 1 1 1 0 0 0 1 0 0 0 1 0 0 0 ...
1 0 0 0 0 0 1 1 1 0 0 0 0 0 0 0 1 1 0 0 0 0 0 1 0 0 0 0 0 0 0 1 1 1 1 1 0 1 0 1 0 0 0 0 0 0 0 0 0 0 ...
1 1 0 0 1 0 1 0 0 0 1 1 0 1 0 0 0 0 0 0 1 0 0 1 0 1 0 0 0 0 1 1 1 0 0 0 1 0 0 0 0 1 0 1 0 0 0 0 0 0 ...
1 0 1 0 1 0 0 1 1 0 0 1 1 1 0 0 1 0 1 0 0 1 0 0 0 0 0 0 1 0 0 0 1 1 0 1 1 0 1 0 0 0 0 0 1 0 0 1 1 0 ...
1 1 1 0 0 0 0 0 0 1 1 0 1 0 0 0 0 0 0 1 0 0 1 1 0 0 1 0 1 X 0 0 0 0 1 0 0 0 0 0 1 0 0 1 1 1 0 0 0 0 ...
1 0 0 0 0 0 0 1 1 0 0 0 1 1 1 0 0 1 0 0 0 1 1 1 1 0 0 0 0 0 0 0 0 1 0 0 0 1 0 0 0 1 1 0 0 1 0 0 1 1 ...
1 0 1 1 0 0 1 0 0 1 0 1 0 0 1 0 1 0 0 0 1 0 0 0 0 0 1 1 0 0 0 0 0 0 0 0 0 0 0 0 0 0 1 1 0 1 0 0 1 1 ...
1 0 0 0 0 1 1 0 1 1 0 0 0 1 0 1 0 0 1 0 1 0 1 0 0 1 0 0 0 0 0 0 1 0 0 0 1 0 1 1 0 0 1 1 0 0 1 1 0 1 ...
1 0 0 0 0 0 0 1 0 0 1 0 0 0 0 0 1 0 0 0 0 0 1 0 0 0 0 0 0 0 0 1 0 0 0 1 1 0 1 0 0 1 1 0 0 1 0 0 0 1 ...
1 0 0 1 0 0 1 0 0 0 1 0 0 0 1 1 0 0 0 0 0 0 0 0 0 1 0 0 0 0 0 0 1 0 0 1 1 1 0 0 0 1 1 0 0 0 0 0 0 1 ...
1 1 0 1 0 0 0 0 0 0 0 1 0 0 0 0 0 1 0 0 1 1 1 0 1 0 1 0 0 0 0 0 0 1 0 1 0 1 0 0 1 1 0 0 0 0 0 0 0 0 ...
1 0 0 0 1 1 0 1 0 1 0 1 0 0 0 0 0 1 1 0 0 1 0 0 1 0 0 0 0 1 0 1 0 1 1 0 0 0 0 0 0 0 0 1 1 1 0 0 1 0 ...
1 0 0 0 1 1 0 0 0 0 0 0 0 0 0 1 0 0 0 0 0 0 0 0 0 0 0 0 0 0 1 0 0 0 1 0 0 0 1 0 0 0 0 1 0 0 1 1 0 0 ...
1 0 1 1 0 0 1 1 0 0 1 1 0 0 1 1 1 1 0 0 0 1 0 1 0 0 0 0 0 0 0 0 1 0 0 0 1 0 0 0 1 0 0 0 0 1 0 0 1 0 ...
1 0 0 0 0 0 1 0 0 0 0 0 0 1 0 1 0 0 0 0 1 0 1 0 0 0 0 0 0 0 0 0 1 0 1 0 1 1 0 0 0 1 0 1 0 1 1 1 0 0 ...
1 1 0 0 0 0 0 0 0 1 1 0 0 1 0 1 0 0 0 0 1 1 0 1 0 0 1 1 0 0 0 1 0 1 0 0 0 1 1 0 0 1 0 1 1 1 1 1 1 0 ...
1 1 0 0 0 1 0 0 0 0 0 1 0 1 0 0 0 0 0 1 0 0 0 1 1 1 1 0 1 1 0 0 1 1 0 0 1 1 0 0 0 1 1 1 1 0 0 1 1 0 ...
1 0 0 0 0 0 0 0 0 0 1 0 0 1 0 0 0 1 1 1 1 0 0 1 1 0 0 1 0 0 1 0 1 0 0 0 1 0 1 0 0 0 0 0 0 0 0 0 0 0 ...
1 0 0 1 1 0 0 0 0 0 0 0 1 0 0 0 0 1 0 1 0 0 0 0 0 0 1 0 0 0 1 0 0 0 0 0 0 0 0 0 0 0 1 0 1 1 0 1 0 0 ...
1 0 0 1 1 0 1 1 0 0 0 1 0 1 0 1 0 1 0 0 1 1 0 0 1 0 0 0 0 1 0 0 1 0 0 1 0 0 0 0 0 0 0 1 0 0 0 0 0 1 ...
1 1 1 0 0 0 0 0 0 0 0 0 1 1 0 0 1 1 0 0 0 0 0 0 1 0 0 1 1 1 0 0 1 0 0 1 0 1 0 1 0 0 0 0 0 1 0 0 1 1 ...
1 0 0 0 0 0 0 0 1 0 0 0 0 0 0 1 1 0 0 0 1 0 0 0 0 0 0 0 0 1 0 0 0 0 0 1 0 0 1 0 1 0 0 1 0 1 1 0 0 0 ...
1 0 0 1 0 0 1 0 1 0 0 0 0 0 1 1 1 1 1 1 0 0 0 1 0 0 1 0 0 0 0 0 0 1 1 1 0 0 0 0 1 0 0 0 1 0 0 0 0 0 ...
1 0 1 0 1 1 0 0 0 0 0 0 0 0 0 0 0 0 0 0 1 0 1 0 0 0 0 1 1 0 0 0 0 1 0 0 1 0 1 0 1 0 0 0 1 1 0 0 0 0 ...
1 0 1 0 1 0 0 0 0 0 0 0 0 1 0 0 1 0 0 1 0 0 0 1 0 0 0 0 0 1 1 1 0 0 0 1 0 0 0 1 0 0 0 1 0 1 0 0 0 1 ...
1 0 0 0 0 0 1 0 1 0 0 0 1 0 0 1 0 0 0 0 0 0 0 0 0 0 1 0 0 0 0 0 0 0 1 0 1 1 0 1 0 0 0 0 1 0 0 0 0 0 ...
1 0 0 0 0 1 0 0 1 1 0 1 1 0 0 0 0 1 0 1 1 0 0 0 0 0 1 1 1 1 0 0 0 0 0 1 0 0 0 0 1 0 1 1 0 0 0 0 1 0 ...
1 0 1 0 0 1 0 1 0 0 0 0 0 1 1 1 0 0 0 0 0 1 0 1 1 0 0 1 0 0 0 0 0 0 0 0 0 1 0 1 0 1 0 0 0 0 0 0 1 1 ...
1 1 0 1 1 0 0 0 0 0 1 0 0 1 1 0 0 0 1 0 0 1 0 0 0 0 1 0 0 0 1 0 0 0 0 1 0 1 0 0 1 0 1 0 0 1 0 0 0 0 ...
1 0 0 1 1 1 0 0 1 0 0 1 0 1 0 0 1 0 0 0 0 1 0 1 0 1 0 0 1 0 0 1 0 0 1 0 0 1 1 0 0 0 0 0 0 0 0 0 0 1 ...
1 0 0 1 0 0 0 0 1 0 1 0 0 0 0 0 0 0 0 1 1 0 1 0 0 0 0 1 1 0 0 0 0 1 0 0 0 0 0 0 0 0 0 1 0 0 0 1 1 0 ...
1 0 0 0 0 0 0 0 1 1 0 1 0 0 0 1 0 0 0 0 0 0 0 0 0 0 0 0 0 0 0 0 0 0 0 1 1 1 0 1 0 0 0 1 0 0 0 1 0 0 ...
1 1 0 0 0 1 0 1 0 1 0 0 1 1 0 0 0 0 0 1 0 0 1 0 0 1 0 0 0 1 0 0 1 1 1 1 0 0 1 0 0 0 1 0 0 0 1 1 1 0 ...
1 1 1 0 1 1 0 0 1 0 0 0 0 0 0 1 1 0 1 1 0 0 0 1 0 1 0 0 0 0 0 0 0 0 0 0 1 0 0 1 1 0 1 1 1 0 1 0 0 0 ...
1 1 0 0 1 1 0 1 0 0 1 0 0 1 0 0 0 1 0 1 0 0 0 1 0 1 0 0 1 0 0 0 0 0 0 1 0 1 1 0 0 1 1 0 1 1 1 1 0 0 ...
1 0 0 0 0 0 0 0 1 1 0 0 1 1 1 0 0 0 0 0 1 0 0 0 0 1 0 1 0 1 0 0 0 0 0 0 0 0 1 0 0 0 1 0 0 1 0 1 0 0 ...
1 0 0 0 1 0 0 0 0 0 0 0 1 0 0 1 0 1 1 0 0 0 1 0 0 0 0 0 0 0 0 1 1 1 0 1 1 1 0 1 1 1 0 1 0 1 0 1 0 0 ...
1 0 1 1 1 0 1 0 0 0 1 0 1 0 0 1 0 0 0 0 0 1 0 0 0 1 1 0 1 0 0 1 0 0 1 0 0 1 0 1 0 0 0 0 0 1 0 0 0 1 ...
1 0 0 0 0 0 0 0 0 0 0 0 0 1 0 0 0 0 0 1 0 0 0 0 1 1 0 0 0 0 0 0 0 1 0 0 0 1 0 1 0 0 0 1 0 1 0 0 1 0 ...
1 0 1 1 0 1 1 0 0 0 0 0 1 0 0 0 0 0 0 1 0 0 0 0 1 0 1 0 1 0 0 0 0 0 0 0 1 0 0 0 0 0 0 0 0 0 1 0 0 0 ...
1 1 0 0 1 0 1 0 0 0 1 0 0 0 0 0 0 1 1 0 1 1 0 0 0 1 0 0 1 0 0 1 0 0 1 1 0 1 0 1 0 0 0 0 1 1 1 0 1 0 ...
1 0 1 0 0 0 1 0 0 0 1 1 0 0 1 0 0 0 0 0 1 0 0 0 1 0 0 0 1 1 1 0 1 1 0 0 0 1 0 1 0 0 1 0 0 1 0 1 1 0 ...
1 1 1 0 1 1 0 1 0 0 0 1 1 0 0 0 0 1 1 0 0 0 0 0 0 1 1 0 0 1 0 1 0 0 0 1 0 1 1 0 0 0 0 0 1 0 0 0 0 1 ...
1 1 0 1 0 1 0 0 0 0 1 0 1 0 1 0 1 1 1 0 0 0 1 1 1 0 0 0 1 0 0 0 0 0 0 0 0 0 0 0 0 0 1 0 0 0 0 0 0 1 ...
1 1 1 0 0 0 0 1 0 0 1 1 0 0 0 0 0 0 1 1 0 0 1 0 0 1 0 0 0 0 0 0 0 1 0 0 0 0 0 0 1 0 0 0 0 1 0 0 1 1 ...
1 0 0 0 0 0 0 0 0 0 0 0 0 0 1 0 0 1 1 0 0 0 0 0 1 1 0 0 0 0 1 0 1 1 0 1 0 1 0 1 0 0 0 0 0 0 1 1 0 0 ...
1 1 1 0 0 0 1 1 1 1 1 1 0 0 1 1 0 0 0 0 0 0 0 0 0 0 0 1 1 1 1 0 1 1 0 1 0 0 0 0 0 0 0 1 0 0 1 0 0 0 ...
1 0 0 0 0 0 1 0 0 0 0 0 0 0 0 0 1 0 1 1 1 0 1 0 0 0 1 0 1 0 1 1 0 0 0 0 0 0 0 0 1 0 0 0 0 0 0 0 0 0 ...
1 0 0 0 0 0 1 1 1 0 0 0 1 0 0 0 0 0 0 0 0 1 0 0 1 0 0 0 0 0 1 1 1 0 0 0 0 1 0 0 0 0 0 0 1 0 0 0 0 0 ...
1 1 0 1 0 0 0 0 0 0 0 1 1 0 0 0 0 0 1 0 1 1 0 1 0 0 0 0 0 0 0 0 0 1 0 0 0 0 0 1 0 1 1 0 0 0 1 0 1 1 ...
1 1 1 1 1 1 1 1 1 1 1 1 1 1 1 1 1 1 1 1 1 1 1 1 1 1 1 1 1 1 1 1 1 1 1 1 1 1 1 1 1 1 1 1 1 1 1 1 1 1 ...
68 16
1 1 1 1 1 1 1 1 1 1 1 1 1 1 1 1 1 1 1 1 1 1 1 1 1 1 1 1 1 1 1 1 1 1 1 1 1 1 1 1 1 1 1 1 1 1 1 1 1 1 ...
1 1 1 1 0 1 1 0 0 0 1 0 0 1 0 1 0 1 0 0 0 0 0 1 0 0 1 0 0 1 1 0 0 0 0 1 0 1 0 0 0 0 1 1 0 0 0 0 X 0 ...
1 0 0 0 0 1 0 0 1 1 1 1 0 0 1 1 1 1 0 0 1 1 0 0 0 0 0 1 0 0 0 0 1 1 1 0 0 0 0 0 0 0 1 1 0 0 0 0 1 0 ...
1 0 0 0 0 0 0 1 0 1 1 0 0 0 0 0 1 0 0 0 0 0 0 1 0 0 0 0 0 0 0 0 0 0 0 1 1 0 0 0 0 0 0 0 0 1 1 1 0 0 ...
1 0 0 0 0 0 0 1 0 0 0 1 0 0 0 0 0 0 0 0 1 0 0 0 1 0 0 1 0 0 1 0 0 1 0 0 0 0 1 0 1 1 0 0 0 0 1 1 1 1 ...
1 0 1 0 1 1 0 1 0 1 1 0 0 1 0 0 0 0 0 0 0 0 0 0 0 1 0 0 0 0 0 0 0 0 1 1 0 0 0 1 0 0 0 1 0 0 0 0 0 0 ...
1 0 1 0 1 1 0 1 1 1 1 0 0 0 0 1 0 1 1 1 1 0 0 1 0 0 0 1 1 0 0 1 0 0 0 0 0 1 0 1 0 0 0 1 0 0 1 1 0 0 ...
1 0 0 0 1 0 0 0 1 0 0 1 1 0 1 0 0 0 0 0 0 0 0 0 0 0 0 0 1 0 0 0 0 0 0 1 0 0 0 1 0 0 0 0 0 0 0 0 0 1 ...
1 1 0 0 0 1 0 0 0 0 1 1 1 0 0 1 0 1 0 0 1 0 0 0 1 1 0 0 0 0 1 0 0 0 0 1 0 1 0 0 0 0 0 0 0 1 1 0 1 0 ...
1 1 0 0 0 0 0 0 0 0 0 0 0 0 0 0 1 0 0 0 0 0 0 1 1 0 0 0 1 1 1 0 0 1 1 0 1 0 0 0 0 0 0 0 1 0 0 0 0 0 ...
1 1 0 0 1 0 0 0 0 0 1 1 0 1 1 0 0 1 0 1 0 0 0 0 0 0 0 0 0 0 0 0 0 1 1 1 0 1 0 0 0 0 0 0 0 0 0 0 0 0 ...
1 1 0 1 1 0 0 0 0 0 1 0 0 0 1 1 0 0 1 0 0 0 0 0 1 0 1 0 0 0 0 0 0 0 0 0 0 1 1 0 0 0 1 0 0 1 0 0 0 0 ...
1 0 0 0 1 1 0 0 0 0 0 1 1 0 1 1 1 0 0 0 1 0 0 0 0 0 1 0 0 0 0 1 1 1 0 1 0 0 0 0 1 0 1 1 0 1 0 1 0 1 ...
1 0 1 0 0 1 1 0 1 0 0 0 0 1 0 1 0 1 0 1 0 0 0 0 0 0 1 0 0 0 1 0 1 1 0 0 1 0 1 1 0 0 0 1 0 1 1 1 0 0 ...
1 0 0 0 0 0 1 0 0 0 0 0 0 0 1 0 1 1 0 0 0 0 0 0 0 0 0 1 0 1 0 0 0 0 1 0 0 1 0 1 0 0 0 0 0 1 1 1 1 0 ...
1 1 1 1 1 1 1 1 1 1 1 1 1 1 1 1 1 1 1 1 1 1 1 1 1 1 1 1 1 1 1 1 1 1 1 1 1 1 1 1 1 1 1 1 1 1 1 1 1 1 ...
25 92
1 1 1 1 1 1 1 1 1 1 1 1 1 1 1 1 1 1 1 1 1 1 1 1 1 
1 0 0 1 0 0 0 0 0 1 1 1 0 1 0 0 0 0 0 1 1 0 0 1 1 
1 0 0 0 1 0 0 0 1 0 1 0 0 0 0 0 0 0 1 0 0 1 0 0 1 
1 0 0 0 0 1 0 0 1 0 0 0 0 1 0 1 0 0 0 0 1 0 0 0 1 
1 1 1 1 1 0 1 0 0 0 1 0 0 1 0 0 1 1 0 0 0 0 0 0 1 
1 1 0 0 1 0 0 0 0 0 0 0 0 0 0 1 0 1 1 0 0 1 1 0 1 
1 1 1 0 0 0 0 0 1 1 0 0 1 1 1 0 0 0 0 1 1 1 0 1 1 
1 1 0 0 0 1 0 0 0 0 0 0 1 1 1 0 1 1 0 1 0 0 1 1 1 
1 0 0 0 0 0 0 0 0 0 0 0 1 0 1 0 0 0 1 0 0 1 0 1 1 
1 1 0 0 1 0 0 1 1 0 0 0 0 1 0 1 0 0 0 0 0 0 0 0 1 
1 0 1 0 1 0 0 0 0 0 1 0 0 0 1 0 0 0 0 0 1 0 1 1 1 
1 0 0 0 1 1 0 0 1 0 0 0 1 0 0 1 1 0 0 0 0 1 0 0 1 
1 0 0 0 1 0 0 1 1 0 0 0 1 0 0 0 0 0 0 0 0 1 0 0 1 
1 0 0 0 0 0 0 1 0 0 0 1 0 0 0 0 0 0 0 0 0 1 0 0 1 
1 1 0 1 0 1 1 0 0 0 0 0 0 0 0 0 1 0 0 1 0 1 0 1 1 
1 0 0 1 1 0 0 0 1 1 0 0 1 0 0 0 1 1 0 0 0 1 1 0 1 
1 1 1 1 1 0 1 0 0 0 1 0 0 0 1 1 1 0 1 0 0 0 0 0 1 
1 0 0 0 1 0 1 0 1 1 0 0 1 0 0 1 0 1 1 0 0 1 0 0 1 
1 1 1 0 0 X 0 0 1 1 1 0 0 0 0 0 1 0 1 0 1 0 0 1 1 
1 0 0 1 0 0 1 0 1 1 0 0 0 1 1 0 0 1 1 0 0 0 1 0 1 
1 0 0 1 1 1 0 0 0 0 0 1 0 1 0 0 1 0 1 1 1 0 1 1 1 
1 0 1 1 0 0 1 0 1 0 0 1 1 0 0 1 1 0 0 0 0 0 0 0 1 
1 1 1 1 1 1 1 1 1 0 0 0 0 0 0 1 0 0 0 0 0 0 0 0 1 
1 1 1 0 0 0 0 1 1 1 1 1 1 0 0 0 0 0 0 1 0 1 0 0 1 
1 0 0 1 1 0 1 0 1 0 0 1 0 0 0 1 0 0 0 1 0 0 1 0 1 
1 1 0 0 1 0 0 0 0 0 1 0 0 0 1 0 0 0 0 0 1 0 0 1 1 
1 1 0 0 1 0 1 0 0 1 0 0 1 0 0 0 0 0 0 0 1 0 1 0 1 
1 1 0 1 1 0 0 0 0 0 0 1 0 0 1 0 0 0 1 1 0 0 0 0 1 
1 1 0 1 0 0 0 0 0 0 1 0 0 0 0 0 1 1 1 1 1 0 0 1 1 
1 0 1 1 0 0 1 0 1 1 0 0 0 1 0 1 1 0 1 1 0 0 0 0 1 
1 0 0 0 0 0 1 0 0 0 0 0 1 0 0 0 0 0 0 0 0 0 0 0 1 
1 0 0 0 0 1 1 1 0 0 0 0 0 1 0 1 0 1 0 1 0 0 0 0 1 
1 1 0 1 0 0 0 1 1 0 0 0 0 1 0 1 1 0 0 0 1 0 0 1 1 
1 0 0 0 0 0 0 1 0 0 0 0 0 0 0 0 0 0 0 0 0 0 1 0 1 
1 0 0 0 0 0 1 0 0 0 0 0 1 1 0 0 0 0 0 0 0 0 1 0 1 
1 1 0 0 1 1 1 1 0 0 0 1 0 1 1 0 0 0 1 1 0 1 0 1 1 
1 0 0 1 0 1 0 0 0 0 1 0 0 1 1 0 0 0 0 0 0 0 0 0 1 
1 1 0 1 0 0 0 1 0 1 0 0 0 0 1 0 0 0 0 0 1 0 0 0 1 
1 0 0 0 0 0 0 0 0 0 1 0 1 0 0 0 0 0 1 0 0 0 0 1 1 
1 1 1 1 0 0 0 0 0 1 0 0 1 1 0 0 0 0 0 1 1 1 0 0 1 
1 0 0 0 1 0 1 0 1 0 0 1 0 1 0 0 1 0 0 1 0 0 1 0 1 
1 1 0 1 0 0 1 1 1 0 0 0 1 0 1 0 0 1 0 0 0 0 0 0 1 
1 0 1 1 0 0 1 0 0 1 0 0 0 1 0 0 0 0 1 1 0 0 0 1 1 
1 1 0 0 0 0 0 0 1 1 1 0 0 1 1 0 0 0 1 0 0 1 1 0 1 
1 1 0 1 1 0 0 0 0 0 0 0 1 0 1 1 1 0 1 1 1 0 1 0 1 
1 1 0 0 0 0 0 0 0 0 0 0 1 1 1 0 1 0 1 0 1 0 1 0 1 
1 0 0 0 0 0 1 0 0 0 0 1 0 0 0 0 0 0 0 0 0 1 0 1 1 
1 1 0 1 1 0 0 1 1 0 0 0 1 1 0 1 0 0 0 0 1 0 0 0 1 
1 0 1 1 1 0 1 0 0 0 1 0 0 0 0 0 0 1 0 0 1 0 0 1 1 
1 1 1 0 1 1 0 0 0 1 0 0 1 0 0 0 1 1 0 1 0 0 0 0 1 
1 0 0 1 0 0 0 0 0 0 0 0 0 0 0 1 1 0 0 0 0 1 1 0 1 
1 1 1 0 1 0 0 0 1 0 0 1 0 0 0 0 0 0 0 0 1 0 0 1 1 
1 0 0 0 0 0 0 0 0 1 0 1 0 1 1 1 1 0 0 1 1 1 0 0 1 
1 0 0 1 0 0 0 0 0 0 0 0 0 0 1 0 1 1 1 0 0 1 1 0 1 
1 0 0 1 1 0 1 0 1 0 1 0 0 0 0 0 1 0 1 0 0 0 0 0 1 
1 0 0 0 0 0 0 1 1 0 0 1 0 0 1 0 1 0 0 1 0 0 1 0 1 
1 0 0 1 0 1 0 1 0 0 1 0 1 0 0 1 0 1 0 1 1 0 0 0 1 
1 0 1 0 0 0 0 0 0 0 0 1 0 0 0 0 0 1 0 0 1 0 0 0 1 
1 0 0 1 0 0 0 0 0 1 0 0 1 0 0 0 0 1 0 0 0 1 0 1 1 
1 0 0 0 0 0 0 0 0 0 0 0 0 1 1 0 0 0 0 1 1 0 1 1 1 
1 0 0 1 1 0 0 0 1 1 0 0 0 0 1 1 0 0 0 0 0 0 0 0 1 
1 0 0 0 0 1 0 0 0 0 0 1 1 0 0 0 0 0 0 0 1 0 0 0 1 
1 0 0 1 0 1 0 1 0 1 0 0 0 0 0 0 0 0 0 0 0 0 0 0 1 
1 0 0 0 1 0 0 1 1 0 0 0 0 1 0 0 0 0 0 0 1 1 0 0 1 
1 0 0 0 0 0 0 0 1 1 0 1 1 1 0 1 1 0 0 1 0 0 0 1 1 
1 0 0 0 1 0 0 0 1 0 0 0 0 0 0 1 1 0 0 0 0 0 0 0 1 
1 0 0 0 1 1 0 0 0 0 1 0 0 0 1 0 0 0 0 0 0 1 0 0 1 
1 1 0 1 0 0 0 1 1 0 0 0 0 1 1 0 1 0 0 0 0 0 0 0 1 
1 1 0 0 1 1 0 1 0 0 0 0 0 1 0 0 1 1 0 0 0 0 1 1 1 
0 0 0 0 0 1 1 1 0 1 1 0 1 1 0 1 0 0 0 0 1 0 0 1 1 
1 1 1 0 1 0 0 0 0 0 0 1 1 0 0 0 0 0 0 0 0 1 0 0 1 
1 0 1 0 0 1 0 0 1 1 0 1 0 0 1 1 0 0 0 0 1 0 0 0 1 
1 0 1 0 0 0 1 0 0 0 0 1 0 0 1 1 1 0 1 1 0 0 1 0 1 
1 1 1 0 0 0 0 0 1 0 0 0 0 0 1 0 0 0 1 0 1 0 1 0 1 
1 1 0 1 0 0 0 0 1 0 0 0 0 1 0 0 0 0 1 1 0 1 1 0 1 
1 0 0 0 0 1 0 0 1 0 1 0 1 0 1 0 0 0 0 0 1 0 0 0 1 
1 0 0 0 1 0 0 0 0 0 1 0 0 1 1 1 0 0 0 0 0 0 0 1 1 
1 0 1 0 0 1 0 0 0 0 1 0 0 1 0 0 0 0 0 1 0 1 0 0 1 
1 0 0 0 0 1 0 0 0 0 0 1 0 0 0 1 0 0 0 1 1 0 0 0 1 
1 0 0 0 0 0 0 0 0 1 1 1 1 1 0 1 0 1 0 0 0 0 0 0 1 
1 1 0 0 0 0 1 0 0 0 0 0 1 1 1 0 0 0 0 0 0 0 1 0 1 
1 0 1 0 0 0 0 0 0 0 0 1 1 0 1 0 1 0 1 0 0 1 0 0 1 
1 0 1 1 1 0 0 1 1 1 0 0 0 1 1 0 0 0 0 1 0 0 1 0 1 
1 0 0 0 1 0 0 0 1 0 0 1 0 0 0 1 1 1 1 0 0 1 0 0 1 
1 1 0 1 1 1 0 1 0 0 0 1 0 0 1 1 0 0 1 0 0 0 0 0 1 
1 0 0 0 1 0 0 0 1 0 1 0 0 1 0 0 0 0 0 0 1 1 1 0 1 
1 0 0 0 0 0 0 1 0 1 0 0 1 1 0 0 1 0 0 1 0 0 0 0 1 
1 1 0 1 0 0 1 0 0 1 1 1 0 1 0 0 0 0 0 1 0 0 0 0 1 
1 1 0 1 0 0 0 0 1 0 0 1 1 0 0 0 1 0 1 1 1 1 0 0 1 
1 0 0 0 0 0 1 1 1 0 0 1 0 1 0 1 0 1 1 0 0 0 1 1 1 
1 0 0 1 0 0 0 1 0 1 0 0 0 1 0 0 1 0 0 1 0 0 0 0 1 
1 1 1 1 1 1 1 1 1 1 1 1 1 1 1 1 1 1 1 1 1 1 1 1 1 
73 25
1 1 1 1 1 1 1 1 1 1 1 1 1 1 1 1 1 1 1 1 1 1 1 1 1 1 1 1 1 1 1 1 1 1 1 1 1 1 1 1 1 1 1 1 1 1 1 1 1 1 ...
1 0 1 0 0 0 0 0 0 0 0 1 1 0 0 0 0 1 0 0 0 0 1 0 1 1 0 0 0 0 1 0 0 0 0 1 0 0 1 1 0 0 1 0 1 0 1 0 0 0 ...
1 0 0 1 0 0 1 0 0 1 1 0 0 0 0 1 0 1 0 0 0 0 0 1 0 0 1 1 0 0 0 1 0 0 0 0 0 0 0 0 0 0 1 1 1 0 1 0 0 1 ...
1 0 0 0 0 0 0 0 0 1 1 1 1 0 0 0 1 0 0 0 1 1 0 0 0 0 1 0 0 0 1 0 0 0 1 0 0 0 0 0 0 1 0 0 1 0 1 0 0 0 ...
1 1 0 1 0 0 1 0 0 0 0 1 0 1 0 0 1 1 0 0 1 1 1 0 0 1 1 0 1 0 0 0 0 1 0 0 0 0 0 0 0 0 0 0 0 1 0 1 0 0 ...
1 0 0 0 0 0 1 0 1 0 0 1 1 1 0 1 1 0 1 0 0 0 1 1 0 0 0 1 1 0 0 0 1 0 0 0 0 0 1 1 0 0 1 0 0 0 0 0 0 0 ...
1 0 1 1 0 0 0 0 0 1 0 0 0 0 0 0 0 1 0 1 0 0 0 0 0 0 0 0 1 1 1 0 0 0 0 0 1 1 0 0 1 0 1 0 1 0 0 1 0 0 ...
1 0 0 1 0 0 0 0 1 1 0 0 1 0 1 0 0 0 0 0 0 1 1 0 0 0 1 0 0 1 0 0 0 0 0 0 0 1 0 1 0 1 0 1 0 0 0 1 0 1 ...
1 1 0 0 0 0 0 0 0 0 0 0 0 1 0 0 0 0 0 0 0 0 0 0 1 1 1 1 0 0 0 0 0 0 0 1 0 0 0 0 0 0 0 1 0 1 0 0 0 0 ...
1 1 0 0 0 0 0 0 1 0 1 0 0 0 0 0 0 0 1 0 0 0 1 1 0 0 0 0 1 1 0 0 1 0 0 1 1 0 0 1 0 0 0 0 0 0 0 0 0 0 ...
1 1 0 0 1 1 0 0 0 0 0 1 1 0 1 0 0 1 1 1 1 0 0 1 0 0 0 0 1 0 0 1 0 0 0 0 0 0 0 0 1 0 0 1 1 1 1 1 1 0 ...
1 0 0 0 0 0 0 0 0 0 0 1 0 0 0 0 1 0 0 0 0 0 0 0 0 0 0 1 0 1 1 0 0 0 0 0 0 1 1 0 0 1 1 0 1 0 1 1 1 0 ...
1 1 0 0 1 1 0 1 1 0 0 1 0 0 0 0 0 1 0 0 1 0 0 0 1 0 0 1 0 0 0 1 0 0 0 0 0 0 0 0 0 0 0 0 1 0 1 0 0 0 ...
1 0 0 0 1 0 0 1 1 0 0 0 0 0 0 1 0 0 0 0 0 1 0 0 0 0 1 1 0 0 0 1 0 0 0 0 0 0 0 0 1 1 0 0 0 1 0 0 0 0 ...
1 0 0 1 0 0 0 1 0 0 0 0 0 0 0 1 0 1 0 0 0 0 0 0 0 0 0 0 0 0 0 1 0 0 1 0 0 1 0 0 0 0 0 1 0 0 1 1 0 0 ...
1 0 0 0 0 0 0 0 1 1 0 1 1 1 0 0 0 1 1 0 0 0 0 0 1 0 1 1 0 0 0 0 0 0 0 1 0 1 0 0 0 1 0 0 1 0 0 0 0 0 ...
1 0 0 0 0 0 0 0 0 0 1 0 1 0 0 0 0 0 0 0 1 0 1 0 0 0 0 0 0 0 0 1 0 0 0 1 0 0 0 1 0 1 0 0 0 0 0 1 1 0 ...
1 0 0 1 0 0 0 0 0 0 1 0 0 0 1 0 0 0 0 0 0 0 0 0 0 0 0 1 0 1 1 1 0 0 0 1 0 1 0 0 0 1 1 0 1 1 0 0 0 0 ...
1 0 0 1 0 0 0 0 0 0 0 0 0 1 0 0 0 1 0 0 0 0 0 0 0 0 0 0 1 0 0 0 0 1 1 1 0 0 0 0 0 1 0 0 1 0 0 0 0 0 ...
1 0 1 0 0 0 1 0 0 1 0 0 0 1 1 0 1 0 0 1 0 0 0 0 0 0 0 0 0 0 0 0 0 0 0 1 1 1 0 0 1 0 0 0 0 0 1 0 1 0 ...
1 0 0 0 1 1 0 0 0 0 0 0 0 0 1 0 0 0 1 0 0 0 0 1 0 1 0 1 0 0 0 0 0 1 1 0 0 1 0 0 1 0 1 0 0 1 0 1 0 0 ...
1 0 1 0 0 0 0 0 0 0 0 0 0 1 1 0 0 1 0 1 0 0 0 0 0 0 0 0 1 1 1 1 1 1 0 0 1 0 1 0 0 0 0 1 0 0 0 0 0 0 ...
1 1 0 0 0 1 0 0 0 1 1 0 0 1 1 0 0 0 0 0 1 0 1 0 1 0 1 0 1 0 0 0 0 0 0 1 0 0 0 1 1 0 0 0 1 0 1 0 0 0 ...
1 0 0 0 0 1 0 1 0 1 0 1 0 0 0 1 1 0 1 0 1 0 0 1 0 0 1 0 0 1 0 0 0 0 0 0 0 1 0 0 0 0 0 0 1 1 0 1 0 0 ...
1 1 1 1 1 1 1 1 1 1 1 1 1 1 1 1 1 1 1 1 1 1 1 1 1 1 1 1 1 1 1 1 1 1 1 1 1 1 1 1 1 1 1 1 1 1 1 1 1 1 ...
57 14
1 1 1 1 1 1 1 1 1 1 1 1 1 1 1 1 1 1 1 1 1 1 1 1 1 1 1 1 1 1 1 1 1 1 1 1 1 1 1 1 1 1 1 1 1 1 1 1 1 1 ...
1 0 0 0 0 1 1 1 0 0 0 0 0 0 0 0 0 1 0 0 1 0 0 1 1 0 0 1 0 1 1 1 0 1 0 0 1 0 0 0 0 0 1 0 0 0 1 0 0 0 ...
1 0 1 1 0 1 1 0 1 0 0 1 1 1 0 0 0 1 0 0 0 1 1 0 0 0 0 1 0 0 0 0 1 0 0 0 0 0 0 0 0 0 1 0 1 0 0 0 0 0 ...
1 0 0 0 1 0 0 0 1 0 0 0 1 0 0 1 0 0 1 1 0 0 1 0 1 0 1 0 0 0 0 1 1 0 0 0 0 0 0 0 0 0 0 0 0 0 0 0 0 0 ...
0 0 0 1 1 0 0 1 1 1 1 0 0 0 0 1 0 0 0 0 0 1 0 1 0 1 0 1 0 0 1 0 0 1 0 0 1 1 0 1 0 0 0 0 1 1 0 0 0 1 ...
1 0 0 0 1 0 0 0 0 1 1 0 1 0 0 1 0 1 0 1 0 0 0 0 0 0 1 0 0 0 0 0 0 1 0 0 0 0 0 1 0 1 0 0 1 0 0 0 0 1 ...
1 0 1 1 0 0 0 0 1 0 1 0 0 0 0 0 0 1 0 0 0 1 1 0 1 1 1 0 0 0 0 1 0 0 0 1 0 0 0 0 1 0 0 1 0 1 0 0 1 0 ...
1 0 0 1 1 0 1 1 0 0 0 0 1 1 0 0 0 0 1 0 0 1 1 1 1 0 1 0 0 0 0 1 0 1 1 1 0 0 1 0 0 0 0 1 0 0 0 1 1 0 ...
1 1 1 0 0 0 0 0 0 1 0 0 0 1 0 0 0 1 0 0 0 0 1 0 0 0 1 0 0 0 1 1 0 1 0 1 0 1 0 0 1 1 0 0 0 0 0 0 0 0 ...
1 0 0 0 0 1 0 0 0 1 0 0 0 0 0 0 0 1 1 0 1 0 0 0 1 0 1 1 0 0 0 0 0 0 0 0 0 0 0 0 0 0 1 1 0 1 1 0 0 1 ...
1 1 0 0 0 0 0 1 0 1 0 0 0 1 1 1 0 0 1 0 0 0 0 X 0 0 0 0 0 0 0 0 0 0 0 0 0 1 0 0 1 0 0 0 0 0 0 1 0 0 ...
1 1 1 1 0 0 0 0 0 1 1 0 0 0 0 1 1 0 0 0 0 0 0 0 0 1 1 1 0 0 0 0 0 0 0 1 0 1 0 0 1 1 0 0 1 0 0 0 0 1 ...
1 1 0 0 1 0 1 0 0 1 0 1 0 0 0 0 0 0 0 1 0 0 0 0 0 0 1 0 1 1 0 0 0 0 0 1 0 0 1 0 0 0 0 1 1 1 1 0 0 0 ...
.
.
.
1 0 0 0 0 1 0 1 1 1 0 1 0 0 0 0 1 0 0 0 0 0 0 0 0 1 1 1 1 1 0 0 0 0 0 0 0 1 1 0 1 0 0 0 0 1 1 0 1 1 ...
1 0 0 0 1 1 0 0 1 0 0 1 1 0 0 0 0 1 1 0 1 1 0 0 0 0 0 0 1 0 0 1 0 0 0 0 1 1 0 1 1 1 0 0 0 1 1 1 0 0 ...
1 1 0 1 1 0 0 0 0 0 0 0 0 1 0 1 1 0 0 0 0 1 0 0 0 0 0 0 0 1 1 0 0 0 0 1 0 0 0 0 1 0 0 0 0 1 0 0 0 1 ...
1 0 1 0 1 0 1 0 0 0 1 0 0 0 1 0 0 0 1 1 0 0 0 0 0 0 0 0 0 1 1 1 0 0 1 1 0 1 0 1 0 0 0 0 0 0 0 0 1 0 ...
1 0 0 0 0 1 0 1 1 1 1 0 0 0 1 1 1 0 1 1 1 0 0 1 1 0 1 0 0 0 1 0 0 1 0 0 1 0 1 0 0 1 0 0 0 0 1 0 0 0 ...
1 1 1 0 0 0 0 1 1 0 0 0 0 0 1 0 0 0 0 0 1 0 1 1 0 0 0 1 0 1 0 0 0 0 0 0 1 0 0 0 0 0 0 0 1 0 0 0 1 1 ...
1 1 1 1 1 1 1 1 1 1 1 1 1 1 1 1 1 1 1 1 1 1 1 1 1 1 1 1 1 1 1 1 1 1 1 1 1 1 1 1 1 1 1 1 1 1 1 1 1 1 ...
94 5
1 1 1 1 1 1 1 1 1 1 1 1 1 1 1 1 1 1 1 1 1 1 1 1 1 1 1 1 1 1 1 1 1 1 1 1 1 1 1 1 1 1 1 1 1 1 1 1 1 1 ...
1 0 1 1 1 0 0 0 1 0 0 0 0 1 0 0 1 0 0 0 1 0 0 1 1 0 0 0 1 X 0 0 0 0 0 0 0 0 0 0 1 0 0 0 0 0 0 0 0 0 ...
1 0 0 0 0 0 0 0 0 0 0 1 1 1 0 0 0 1 0 0 1 1 0 1 0 1 1 0 1 0 1 1 0 0 0 1 1 1 0 0 1 1 1 0 1 0 0 0 0 0 ...
1 0 0 0 1 0 0 0 0 0 0 0 0 0 1 0 0 0 0 0 0 0 1 0 0 1 0 0 0 0 0 0 0 1 0 0 0 0 0 1 1 0 0 0 1 0 0 0 0 0 ...
1 1 1 1 1 1 1 1 1 1 1 1 1 1 1 1 1 1 1 1 1 1 1 1 1 1 1 1 1 1 1 1 1 1 1 1 1 1 1 1 1 1 1 1 1 1 1 1 1 1 ...
100 18
1 1 1 1 1 1 1 1 1 1 1 1 1 1 1 1 1 1 1 1 1 1 1 1 1 1 1 1 1 1 1 1 1 1 1 1 1 1 1 1 1 1 1 1 1 1 1 1 1 1 ...
1 1 0 1 1 0 1 0 1 0 0 0 1 0 0 0 0 1 0 0 0 0 0 0 0 1 0 0 1 0 1 0 0 0 0 0 0 0 1 1 1 0 0 1 1 1 1 1 0 0 ...
1 0 1 0 0 1 0 0 0 1 1 0 1 0 0 0 1 0 0 0 0 1 1 0 0 0 0 1 0 0 0 0 0 0 1 0 0 0 0 1 0 0 0 0 1 1 1 0 0 0 ...
1 0 0 0 1 0 0 0 0 0 0 0 1 0 1 1 1 0 0 1 0 1 0 1 0 0 0 1 0 0 0 1 1 0 0 1 0 0 0 1 0 0 0 0 1 1 0 0 0 0 ...
1 0 0 0 1 1 0 1 0 0 0 0 0 0 0 0 0 0 0 1 0 0 0 0 0 1 1 1 0 0 0 0 0 1 0 0 1 0 0 0 0 1 1 0 0 0 1 1 0 0 ...
1 0 0 0 1 0 1 1 0 1 1 0 0 1 1 0 0 1 1 0 0 0 1 0 0 1 0 0 0 0 1 0 1 0 0 1 0 0 0 0 0 0 1 1 0 0 0 0 0 0 ...
1 1 0 0 1 0 0 1 0 1 0 0 0 0 0 1 0 0 0 0 0 0 0 1 0 0 1 1 1 0 0 0 0 0 0 0 0 0 1 1 0 0 1 0 0 0 0 1 0 0 ...
1 0 1 1 1 1 1 0 1 1 0 0 0 0 0 1 0 0 1 0 0 0 1 0 1 0 0 0 0 0 0 0 0 1 0 0 0 0 0 1 0 1 0 0 0 0 0 1 0 0 ...
1 0 0 1 0 1 0 1 0 0 0 0 0 1 0 0 1 0 0 0 0 1 1 0 0 0 0 0 0 0 1 0 0 0 0 1 0 0 1 0 1 1 0 0 1 0 1 1 0 0 ...
1 1 1 0 0 0 0 0 0 1 0 0 1 0 1 0 0 1 0 0 0 0 0 1 0 0 0 0 0 0 1 0 0 0 0 1 0 0 0 0 0 0 1 0 0 1 1 0 0 0 ...
1 1 1 0 1 0 0 1 1 0 1 1 0 0 0 1 1 0 1 1 0 1 1 1 0 0 1 0 0 0 0 1 1 0 1 1 1 0 0 0 1 1 0 0 0 0 0 0 0 0 ...
1 0 0 0 0 0 0 0 0 1 0 1 0 1 0 1 0 0 0 0 1 1 0 0 0 1 0 0 1 1 0 0 0 1 0 0 0 0 0 1 0 1 1 0 0 0 0 0 1 0 ...
1 0 0 0 0 1 1 0 1 0 1 0 1 1 0 1 1 1 1 1 0 1 1 0 0 0 0 0 1 1 0 0 0 0 1 0 0 1 1 1 1 1 0 1 1 1 1 1 1 0 ...
1 0 1 1 1 0 0 0 0 0 0 0 0 0 0 0 1 0 0 0 0 0 0 0 0 0 0 1 0 1 0 0 0 0 0 0 0 0 0 0 1 0 1 1 0 1 0 0 0 0 ...
1 0 1 0 0 1 1 0 1 0 0 1 0 1 0 0 1 1 1 0 0 1 1 0 0 0 0 0 0 0 0 0 0 0 0 0 0 1 0 0 0 1 0 0 1 1 0 1 1 0 ...
1 0 0 1 1 0 0 0 1 0 0 1 1 1 0 0 1 1 1 1 0 1 0 0 1 0 0 0 0 0 0 1 0 1 1 0 0 1 0 0 0 0 0 0 0 1 0 0 1 1 ...
1 0 1 1 0 0 0 0 0 0 0 1 1 1 0 1 0 0 1 0 0 0 0 1 0 1 1 0 1 0 0 1 1 0 1 1 1 1 0 1 1 0 1 1 0 0 0 0 0 0 ...
1 1 1 1 1 1 1 1 1 1 1 1 1 1 1 1 1 1 1 1 1 1 1 1 1 1 1 1 1 1 1 1 1 1 1 1 1 1 1 1 1 1 1 1 1 1 1 1 1 1 ...
48 91
1 1 1 1 1 1 1 1 1 1 1 1 1 1 1 1 1 1 1 1 1 1 1 1 1 1 0 1 1 1 1 1 1 1 1 1 1 1 1 1 1 1 1 1 1 1 1 1 
1 0 0 0 1 0 0 0 1 1 0 0 0 0 0 0 1 0 0 1 1 1 0 1 1 1 0 1 1 1 0 0 0 1 0 0 0 0 0 0 0 1 0 1 0 0 0 1 
1 0 0 0 0 0 0 1 0 0 0 0 0 0 0 1 0 0 0 1 0 1 0 0 0 0 0 1 1 1 1 0 0 0 0 0 0 1 0 0 0 1 0 0 0 0 0 1 
1 1 0 0 0 0 0 0 1 0 0 0 0 0 1 0 1 1 0 0 0 0 0 0 1 0 0 1 0 0 0 0 0 0 1 0 1 1 0 1 0 1 1 0 0 0 0 1 
1 1 0 0 0 0 0 1 0 1 0 1 0 1 0 1 0 0 0 0 0 0 0 1 0 0 1 0 1 1 1 0 1 0 1 0 1 0 0 0 0 0 0 1 0 1 1 1 
1 1 1 0 0 0 1 0 0 1 0 1 0 0 1 0 0 1 1 1 0 1 0 1 0 0 0 1 0 0 0 0 1 1 0 1 0 0 0 1 0 1 0 1 0 1 1 1 
1 0 0 1 0 0 0 0 0 1 0 0 0 1 0 0 0 0 0 1 0 1 0 0 0 1 0 0 0 0 0 0 0 1 0 0 0 1 1 0 1 0 0 0 0 1 1 1 
1 1 0 0 0 0 0 1 0 0 1 0 0 0 0 0 0 0 0 0 1 0 0 1 0 0 0 0 1 0 0 1 1 0 0 0 0 0 0 0 0 0 1 0 1 1 0 1 
1 1 0 0 0 0 1 1 0 0 0 1 0 0 0 0 0 1 0 0 0 1 0 0 0 0 0 0 0 0 0 0 0 1 1 0 0 1 0 0 0 1 0 0 0 0 0 1 
1 0 0 0 0 0 0 0 0 0 1 1 0 0 0 1 0 0 0 0 0 0 1 0 0 0 0 0 1 0 0 0 0 1 1 1 1 0 0 0 0 0 0 0 1 0 1 1 
1 0 0 0 0 1 0 0 1 0 0 0 1 0 1 0 1 0 1 1 0 1 0 0 0 0 1 0 1 1 0 0 1 1 1 0 0 0 0 0 0 1 1 0 0 1 0 1 
1 0 0 0 0 1 0 0 0 1 0 0 0 0 0 0 0 1 1 0 1 0 0 0 0 0 0 0 0 0 0 0 1 0 0 1 0 1 0 1 0 1 0 1 0 0 1 1 
1 0 0 0 0 0 1 1 1 0 1 0 0 0 1 1 1 1 0 0 1 1 1 0 1 0 0 1 1 1 0 1 0 0 1 1 0 1 0 0 0 0 1 0 0 1 0 1 
1 0 1 1 0 1 1 0 0 0 0 0 0 1 0 0 1 0 1 1 1 0 1 0 0 0 0 1 0 0 1 0 1 0 0 0 0 0 0 1 0 1 0 1 1 0 0 1 
1 0 1 0 0 1 1 0 0 0 1 0 0 0 0 0 0 0 0 0 0 0 0 0 0 0 0 0 0 0 0 1 1 0 0 0 0 0 1 0 0 1 0 0 0 0 1 1 
1 0 0 0 1 1 1 0 0 0 0 0 0 0 1 1 0 0 0 0 0 0 1 0 1 0 0 0 0 0 0 1 0 0 0 0 0 0 0 0 0 0 1 0 1 1 0 1 
1 0 0 0 1 1 0 0 0 0 1 0 0 1 0 1 1 0 0 0 0 0 0 0 0 0 0 0 0 0 0 0 0 0 0 1 1 0 0 0 0 0 0 1 1 0 1 1 
1 0 0 0 1 0 X 0 0 0 0 0 0 1 0 0 0 1 0 0 0 0 1 0 0 0 0 0 0 1 0 0 0 0 0 0 1 0 1 0 0 0 0 1 0 0 1 1 
1 0 1 0 0 1 0 1 0 0 0 0 1 0 0 1 0 1 0 1 0 0 1 0 0 1 0 0 1 1 0 1 0 0 1 1 0 0 1 0 1 0 0 0 0 0 0 1 
1 0 0 1 1 0 1 0 0 0 0 1 0 0 1 0 0 0 0 0 0 0 0 0 0 0 0 1 1 0 0 0 1 1 0 0 0 0 0 0 1 0 0 0 1 0 1 1 
1 1 1 1 0 0 1 1 1 0 0 0 0 0 0 1 1 0 0 0 0 0 0 0 0 0 0 0 0 0 1 0 0 0 1 0 1 1 0 0 0 1 1 1 0 0 0 1 
1 1 1 0 1 0 0 0 1 1 0 0 0 0 0 0 0 0 1 0 1 1 0 0 0 1 0 0 0 0 1 0 0 0 1 0 0 0 1 0 0 1 0 0 0 0 0 1 
1 1 0 0 0 0 0 0 1 1 0 0 0 1 0 0 0 0 0 0 0 0 0 0 0 1 0 1 0 0 0 0 0 1 0 0 0 0 1 1 0 0 0 1 0 0 0 1 
1 0 0 1 0 1 0 0 0 0 0 1 1 0 1 0 0 0 1 0 0 1 0 1 1 1 1 0 1 0 0 0 1 1 0 0 1 1 1 0 0 0 0 0 1 0 0 1 
1 0 0 0 1 0 0 0 0 0 0 0 0 0 0 0 0 0 1 1 0 1 0 1 0 0 0 0 0 0 0 1 0 0 0 0 1 0 0 0 0 1 0 0 1 0 0 1 
1 0 0 0 0 1 0 1 0 1 0 0 1 0 1 0 0 0 0 1 1 0 0 0 0 0 0 1 0 0 0 1 1 1 1 0 1 0 1 1 0 0 0 0 1 0 0 1 
1 0 1 0 0 0 0 1 0 1 0 1 1 0 0 1 0 0 1 0 0 0 0 0 1 1 1 0 0 1 0 0 0 0 0 0 0 0 0 1 0 0 0 1 1 0 1 1 
1 0 0 1 0 0 0 0 0 0 1 0 1 0 0 0 0 0 1 0 0 0 0 1 1 1 0 1 1 1 1 0 0 0 0 1 0 0 0 0 0 1 1 0 0 0 1 1 
1 1 0 1 0 0 0 0 1 0 1 1 1 0 1 1 0 0 0 0 0 0 1 0 0 0 0 0 0 1 0 0 0 0 0 0 0 0 0 0 0 0 0 0 0 0 0 1 
1 1 1 0 0 0 0 0 0 1 0 0 0 0 1 0 1 0 0 0 0 0 0 1 1 0 1 0 1 0 1 0 0 1 0 1 1 0 0 0 0 1 1 0 0 0 0 1 
1 0 0 1 0 0 0 0 0 0 0 0 0 0 0 0 1 0 0 0 1 0 0 0 1 0 1 0 0 0 0 1 0 0 0 0 1 1 0 0 1 0 0 0 0 0 1 1 
1 0 0 0 1 0 0 0 0 0 1 0 0 0 1 0 0 0 1 0 0 0 1 0 1 0 0 0 0 1 0 0 0 0 1 0 1 0 0 0 0 0 0 0 1 0 1 1 
1 0 1 0 0 0 0 0 0 0 0 0 1 1 0 0 0 1 1 0 0 1 0 1 0 0 0 1 1 0 1 1 0 0 1 1 0 0 0 1 0 0 0 0 0 0 0 1 
1 1 1 0 0 0 0 1 0 0 0 1 1 0 0 1 0 1 0 1 0 0 0 0 0 1 1 0 0 0 1 0 0 1 1 1 0 0 0 1 0 0 0 0 0 1 0 1 
1 1 0 0 1 0 0 0 0 0 1 0 1 0 1 1 0 0 1 0 0 0 0 0 0 0 0 1 0 1 0 1 0 0 1 0 0 0 0 0 1 0 0 0 1 0 0 1 
1 0 0 0 1 0 1 1 0 1 0 1 0 1 1 0 0 0 0 0 1 0 1 0 0 1 1 1 0 1 1 0 0 1 0 0 0 0 0 1 1 1 1 0 0 0 1 1 
1 0 0 0 1 1 0 1 0 0 1 0 0 0 0 0 0 0 0 0 0 0 1 0 0 1 0 0 0 0 0 0 0 0 1 0 0 0 1 0 0 0 0 1 1 1 0 1 
1 0 1 0 1 1 0 1 0 0 0 1 0 0 1 0 0 0 0 0 0 0 0 1 0 0 0 0 0 0 1 0 0 1 0 0 1 0 0 0 1 0 1 0 0 1 1 1 
1 1 0 0 0 0 0 0 0 0 0 0 0 1 0 0 1 1 0 1 0 0 0 1 0 0 0 1 1 0 1 1 0 0 1 0 1 0 0 1 1 1 0 0 1 1 1 1 
1 0 1 0 0 0 1 1 0 0 0 0 0 0 1 0 1 0 0 1 0 1 0 1 1 0 1 0 1 1 0 1 0 0 0 1 0 1 1 0 0 0 1 1 0 0 0 1 
1 0 1 0 0 0 0 0 0 0 0 0 0 0 0 1 0 0 0 0 1 1 0 0 0 0 0 0 0 1 0 0 0 0 0 1 0 0 0 1 1 1 0 0 0 0 0 1 
1 0 1 1 1 0 0 0 0 0 0 0 0 0 0 0 1 1 0 0 1 0 1 0 1 0 0 0 1 0 0 1 0 0 1 0 0 0 0 0 0 0 1 1 0 0 0 1 
1 0 1 0 1 1 1 0 1 0 0 1 0 0 0 0 0 0 1 0 1 0 0 0 0 1 0 0 1 0 0 0 0 0 0 0 0 0 0 0 0 0 0 0 0 0 0 1 
1 0 0 0 0 0 1 0 1 0 0 0 1 0 0 0 1 1 0 1 0 1 1 0 0 0 1 1 0 1 0 1 0 1 0 1 0 1 0 0 0 0 1 0 1 0 1 1 
1 0 0 0 0 0 1 0 0 0 0 0 0 1 0 0 1 0 0 1 0 1 1 0 0 0 1 0 1 1 0 0 1 0 0 0 1 0 1 0 0 0 0 1 0 0 0 1 
1 0 0 0 0 1 0 0 0 0 0 1 1 0 1 0 0 1 0 0 0 0 0 1 0 0 0 0 0 0 0 0 0 0 1 0 0 0 0 0 1 0 0 1 0 0 0 1 
1 0 0 0 0 0 0 1 0 0 0 0 0 0 0 0 1 0 1 1 1 0 0 1 1 0 0 0 0 0 1 0 1 0 1 1 0 0 1 0 0 0 0 1 0 1 1 1 
1 0 1 0 0 1 0 0 1 0 1 0 0 0 0 0 0 1 0 0 1 0 0 1 0 0 0 0 0 1 0 1 1 0 1 0 0 0 0 0 0 0 0 0 1 0 0 1 
1 0 1 1 0 1 0 0 1 1 0 0 0 1 0 1 1 1 0 0 0 1 1 0 0 0 0 0 1 0 1 0 0 1 1 0 1 0 0 0 0 0 1 0 0 0 0 1 
1 0 0 1 1 0 1 0 1 1 1 0 0 0 1 0 1 0 0 0 1 0 0 0 1 0 1 1 1 0 1 0 0 0 0 0 0 0 0 0 0 1 1 1 0 1 0 1 
1 0 0 1 0 0 0 0 1 0 1 1 0 0 0 0 0 0 0 0 0 1 0 0 0 0 0 0 0 0 0 0 1 0 0 0 1 0 0 0 1 0 0 0 0 0 1 1 
1 0 0 0 0 0 0 1 1 0 0 0 0 0 0 0 0 0 0 0 0 0 0 0 0 0 0 0 0 1 1 1 0 1 1 0 0 0 0 1 0 0 0 1 1 0 0 1 
1 0 1 1 1 1 0 0 1 0 0 0 1 0 0 1 0 0 0 1 1 0 0 0 0 1 1 0 1 0 0 0 0 0 0 0 1 1 0 1 0 1 1 0 0 0 0 1 
1 0 0 0 0 0 0 1 0 0 0 0 1 1 0 0 0 0 0 0 0 0 0 1 0 0 1 0 0 1 0 0 0 0 1 1 1 0 0 0 0 0 0 0 1 0 0 1 
1 0 0 1 0 0 1 0 0 0 0 0 0 0 0 1 0 0 0 0 0 0 0 1 0 1 1 0 0 1 0 0 0 0 0 0 1 0 1 0 0 0 0 1 1 1 0 1 
1 0 0 0 0 0 1 1 0 1 0 0 0 0 1 1 0 0 0 0 0 1 0 0 0 0 1 0 0 0 0 1 0 0 0 0 0 1 0 0 0 0 1 0 0 0 0 1 
1 0 0 1 0 0 1 1 0 1 0 1 0 0 0 0 0 0 1 0 0 0 0 0 0 0 0 0 1 0 1 0 0 1 0 1 0 1 1 0 1 0 0 0 1 0 0 1 
1 0 1 0 0 0 1 0 1 0 1 1 0 1 0 0 0 0 0 0 0 0 0 1 0 0 0 0 1 0 0 0 0 0 0 0 0 1 0 0 0 0 0 1 0 0 0 1 
1 0 0 0 0 1 0 0 0 1 0 0 0 0 0 0 0 0 0 0 0 0 0 1 0 1 0 0 1 0 0 0 0 0 0 1 0 1 1 0 1 0 0 0 0 0 1 1 
1 0 0 1 0 1 0 1 1 0 1 0 0 1 1 0 0 1 1 1 0 0 1 1 0 1 1 1 0 0 0 1 1 0 1 0 0 0 0 0 0 0 1 0 0 1 0 1 
1 0 1 0 0 1 0 0 0 0 0 0 0 0 1 0 0 1 1 0 0 0 1 0 1 0 0 1 0 0 1 1 1 0 1 0 0 0 1 1 0 0 0 0 1 0 0 1 
1 0 0 0 0 0 1 0 0 1 0 1 1 0 0 0 0 0 0 0 1 1 1 0 1 0 0 0 1 0 0 0 1 0 0 0 0 0 0 0 0 1 0 0 0 0 1 1 
1 1 0 0 0 0 0 0 0 0 1 1 1 0 0 0 1 0 1 0 1 0 1 1 0 1 1 0 0 0 0 0 0 0 0 1 0 0 0 1 0 0 0 0 1 0 1 1 
1 1 0 1 0 0 1 0 0 0 0 0 1 0 0 1 1 1 0 0 1 0 1 0 0 0 0 1 1 0 0 0 0 0 0 1 1 0 0 0 0 0 0 0 1 1 1 1 
1 1 1 0 0 1 1 0 0 0 0 1 0 1 0 0 0 0 0 0 0 1 0 0 1 0 1 0 1 1 0 0 1 0 0 0 1 0 1 0 1 1 0 0 1 0 1 1 
1 1 0 1 0 1 1 1 0 1 1 0 0 1 0 0 0 0 0 0 1 0 0 1 1 0 0 0 0 0 1 1 1 0 1 0 0 0 1 0 0 1 0 0 0 0 0 1 
1 1 0 0 0 0 1 1 0 0 0 0 0 0 0 0 0 0 0 1 0 0 1 0 0 1 0 0 0 0 0 0 0 0 1 1 0 0 0 1 0 0 0 1 1 1 0 1 
1 0 0 0 0 1 0 0 0 0 1 0 0 0 0 0 1 0 0 1 1 0 0 1 0 0 1 0 0 0 0 0 0 0 0 1 0 1 1 1 1 1 0 0 1 1 1 1 
1 1 0 0 0 0 0 0 0 0 0 0 0 1 0 0 0 1 0 1 1 0 1 0 0 1 0 1 0 0 1 1 0 0 0 1 0 0 0 1 0 0 0 1 1 0 0 1 
1 0 0 1 0 0 0 0 1 0 0 0 0 0 0 0 0 1 1 1 0 0 1 1 0 1 0 0 1 0 0 0 0 0 1 1 1 0 0 1 1 0 0 0 1 1 1 1 
1 0 0 0 0 0 0 0 0 0 0 0 0 0 0 0 0 0 0 0 0 0 1 0 0 1 0 0 0 0 0 0 0 0 0 0 0 0 1 0 1 0 0 1 0 0 1 1 
1 1 1 1 0 0 0 0 1 1 0 0 0 0 0 0 0 0 0 0 0 0 0 0 0 0 0 0 0 1 0 0 1 0 0 0 0 0 1 0 0 0 1 0 0 0 0 1 
1 0 0 1 0 0 1 0 1 0 0 0 0 0 0 1 0 0 0 1 1 1 0 1 1 0 0 1 0 1 0 0 0 0 1 0 1 0 0 1 0 0 0 0 0 1 0 1 
1 0 0 1 0 0 1 1 0 0 0 1 0 1 1 1 1 0 1 1 1 1 1 0 1 0 0 0 1 0 0 0 0 0 0 1 0 0 1 1 0 0 1 1 0 1 0 1 
1 0 0 0 0 0 0 0 0 0 0 0 1 0 1 0 1 0 1 0 0 1 1 0 0 0 1 1 0 0 0 1 0 0 0 0 0 0 0 0 0 1 0 1 0 0 0 1 
1 0 1 0 0 0 0 0 1 1 1 1 0 0 0 0 0 0 0 0 1 1 0 0 1 0 0 0 0 0 1 1 0 0 0 0 0 0 1 0 0 1 0 0 0 0 0 1 
1 0 1 1 0 1 0 0 0 0 1 0 0 0 0 0 0 1 0 1 0 0 0 0 0 0 1 0 0 0 1 1 1 0 1 0 0 1 1 0 0 0 0 0 1 0 1 1 
1 0 0 1 0 0 1 1 0 0 1 0 1 0 0 1 1 0 0 1 0 1 1 1 0 1 0 0 0 0 0 0 0 1 0 0 0 0 0 0 1 0 0 0 0 1 0 1 
1 0 0 0 0 0 0 0 0 1 0 0 1 1 0 0 0 1 0 0 0 0 1 0 0 1 0 0 0 0 0 0 0 1 0 0 0 0 1 0 0 0 1 0 0 0 0 1 
1 0 0 0 0 0 0 0 0 0 0 0 1 1 0 0 1 0 0 0 0 0 0 0 1 0 0 1 1 0 0 1 0 1 1 0 0 0 1 0 1 1 0 0 0 0 0 1 
1 0 0 0 0 0 1 0 1 0 1 0 0 1 0 0 0 0 1 0 0 0 0 0 0 0 0 1 0 1 0 1 1 1 0 0 0 0 0 0 1 0 0 0 0 1 0 1 
1 0 0 0 0 1 1 0 0 0 0 0 0 0 1 0 0 0 0 1 1 1 1 1 0 0 0 1 1 0 1 0 0 0 0 0 0 0 0 0 0 1 0 1 0 0 0 1 
1 0 1 0 0 0 0 0 1 0 0 0 0 0 1 0 0 0 0 0 1 0 0 0 1 0 1 0 0 1 1 0 0 0 0 0 0 1 0 0 0 0 0 0 0 0 1 1 
1 0 0 0 0 0 0 0 0 0 0 0 0 1 0 1 0 1 0 1 0 1 1 0 0 0 0 0 1 0 0 1 0 1 1 0 0 0 0 0 0 1 1 0 1 0 0 1 
1 1 0 1 1 1 1 1 0 0 0 0 0 1 0 0 0 0 0 0 1 0 0 0 0 0 0 0 0 1 1 0 1 0 0 1 0 0 0 1 0 0 1 0 0 0 1 1 
1 0 0 1 1 0 0 0 0 0 1 1 1 1 1 1 0 1 0 0 0 0 1 0 0 0 1 0 0 0 0 0 1 1 1 1 0 0 0 0 1 1 0 1 1 0 1 1 
1 0 0 0 0 0 1 0 1 0 0 0 0 1 0 0 1 0 0 1 0 0 0 0 1 0 0 0 0 1 0 0 0 0 0 0 0 0 0 0 0 1 0 0 1 0 0 1 
1 1 0 0 1 0 0 0 1 0 1 0 0 0 0 1 1 0 0 0 1 0 0 0 1 0 0 0 0 0 0 0 1 0 0 1 0 0 0 0 1 0 1 0 0 1 0 1 
1 1 0 1 0 0 0 1 0 0 0 1 0 0 0 0 0 0 0 0 0 1 0 1 0 0 0 0 0 0 0 0 0 1 0 1 0 1 1 0 0 1 1 0 0 1 0 1 
1 0 0 0 1 0 0 0 0 0 1 1 1 1 0 1 0 0 1 0 1 1 0 0 0 1 0 0 1 0 0 0 0 1 0 1 0 1 0 0 0 0 0 0 0 0 0 1 
1 1 1 1 1 1 1 1 1 1 1 1 1 1 1 1 1 1 1 1 1 1 1 1 1 1 1 1 1 1 1 1 1 1 1 1 1 1 1 1 1 1 1 1 1 1 1 1 
59 85
1 1 1 1 1 1 1 1 1 1 1 1 1 1 1 1 1 1 1 1 1 1 1 1 1 1 1 1 1 1 1 1 1 1 1 1 1 1 1 1 1 1 1 1 1 1 1 1 1 1 ...
1 0 1 0 0 0 0 1 1 0 0 1 0 1 0 0 0 1 1 0 0 0 1 0 0 1 0 0 0 0 1 1 0 1 1 0 0 0 0 0 1 0 0 0 0 0 0 0 0 0 ...
1 1 0 0 1 0 0 0 0 0 0 0 1 1 0 0 0 0 0 1 1 0 0 0 1 1 0 0 0 0 1 0 0 0 0 0 1 1 1 0 1 0 0 0 0 1 1 0 0 1 ...
1 0 0 1 0 0 0 1 0 0 0 0 0 0 0 1 0 0 0 0 0 1 1 1 0 0 0 0 0 0 0 0 0 1 0 1 0 0 0 1 1 1 0 0 0 1 0 0 1 1 ...
1 0 1 0 0 0 1 0 0 0 0 0 0 0 0 0 0 0 0 0 0 0 0 0 0 1 1 1 0 0 1 0 0 1 1 1 0 0 0 0 0 1 1 0 0 0 1 1 0 1 ...
1 1 1 1 0 X 0 0 1 1 0 0 0 0 1 1 0 0 0 0 0 0 0 0 0 0 0 0 1 0 1 0 0 1 0 0 0 0 0 1 0 1 0 0 0 0 1 0 0 0 ...
1 0 0 1 0 0 0 0 1 1 1 0 1 1 0 0 0 0 1 0 0 0 1 0 0 1 0 0 1 0 1 0 1 0 0 0 1 0 0 1 0 0 0 0 1 1 0 0 0 0 ...
1 0 1 0 0 0 0 0 1 0 0 0 0 0 0 1 0 1 1 0 0 0 0 0 1 0 1 1 0 0 0 0 0 0 1 1 1 0 0 1 0 0 0 0 1 1 1 0 1 1 ...
1 1 0 1 0 0 0 0 0 0 0 1 0 0 0 0 0 0 0 0 1 0 0 0 1 0 1 0 0 1 0 0 0 0 1 1 0 0 0 1 1 0 0 0 0 0 0 1 1 0 ...
1 0 0 0 0 1 0 0 1 0 1 0 0 0 0 0 0 0 0 0 0 0 0 1 0 0 0 0 0 0 0 0 0 1 1 1 0 0 0 0 0 0 1 0 1 0 0 0 0 1 ...
1 1 0 0 0 0 0 0 0 0 0 1 0 0 1 0 0 0 0 0 1 0 0 0 0 0 0 0 0 0 0 0 1 1 0 0 0 1 0 0 0 0 0 0 0 0 0 1 0 1 ...
1 0 0 1 1 0 1 1 1 1 0 1 0 1 1 0 0 0 1 1 1 1 0 0 0 1 0 0 0 1 1 0 0 0 0 0 0 0 1 0 0 0 0 0 0 0 0 0 1 0 ...
1 0 0 0 1 0 1 0 0 0 0 1 0 1 1 0 0 0 0 0 1 0 0 0 0 0 0 1 0 0 1 0 0 0 1 0 0 1 0 0 0 0 1 0 1 1 1 1 0 0 ...
1 0 0 0 0 1 0 0 0 1 0 0 1 0 1 1 0 0 0 0 0 0 1 1 0 0 0 0 0 1 1 1 0 0 1 0 0 1 0 1 0 0 0 0 0 0 0 1 1 1 ...
1 0 0 1 1 0 0 0 0 0 0 0 1 0 0 0 0 0 1 0 1 1 1 1 0 0 1 0 0 0 0 1 0 0 1 0 0 0 0 0 0 1 0 0 0 0 1 0 0 1 ...
1 1 0 0 0 0 1 0 0 0 0 0 1 0 1 1 1 0 0 0 0 1 0 0 0 1 0 0 0 1 0 0 0 0 1 0 0 0 0 0 0 0 0 0 1 0 0 1 0 1 ...
1 0 0 0 1 1 0 0 1 0 1 0 0 0 0 0 1 0 0 0 1 0 0 1 1 1 0 1 0 0 0 1 0 0 0 0 0 1 0 1 1 0 1 0 0 1 1 0 0 1 ...
1 0 0 0 0 0 0 0 0 1 0 0 0 0 0 1 0 0 0 0 0 0 0 0 0 1 1 0 0 0 0 0 0 0 1 1 0 0 0 1 0 0 0 1 1 0 1 1 1 0 ...
1 0 1 0 1 0 1 0 1 0 1 0 0 1 0 1 0 0 0 0 0 0 0 0 1 1 0 0 0 0 0 0 1 1 0 1 1 1 0 1 0 0 0 1 0 0 0 0 1 0 ...
1 0 0 0 0 0 1 0 0 0 0 0 0 0 1 0 0 1 1 1 0 0 0 1 1 0 1 0 0 1 0 0 0 0 0 0 1 0 0 0 0 0 0 0 0 0 0 0 0 0 ...
1 0 1 0 0 0 0 0 0 0 0 1 0 0 1 0 0 1 0 1 1 1 1 0 0 0 0 0 0 0 0 0 1 0 0 0 0 1 1 1 0 0 1 1 0 1 0 1 1 1 ...
1 0 0 1 0 0 1 0 0 0 0 0 0 0 0 1 0 0 0 0 1 0 1 0 0 1 0 1 1 0 0 0 0 0 0 1 0 1 0 0 0 1 1 0 0 0 0 0 0 0 ...
1 1 1 1 0 0 1 0 0 1 1 0 0 0 1 0 0 1 0 1 1 1 0 0 0 0 0 0 0 0 0 0 0 1 0 0 0 0 1 1 0 0 0 1 0 1 0 0 1 1 ...
1 0 1 0 1 0 0 0 1 0 0 0 1 0 1 0 0 0 1 0 1 0 0 0 0 0 0 1 1 1 0 1 0 0 0 0 0 1 0 1 1 0 0 0 0 0 1 1 0 1 ...
1 0 1 1 1 1 0 0 1 1 0 1 1 0 1 0 0 0 1 0 1 1 0 0 0 0 1 1 0 0 1 0 0 1 0 0 0 0 0 0 0 0 0 0 0 0 1 0 0 1 ...
1 1 1 0 1 0 0 1 0 0 0 0 0 0 1 1 0 0 1 1 0 0 0 0 0 1 1 0 1 1 1 0 1 0 0 1 1 0 0 0 0 0 1 1 0 1 0 1 0 0 ...
1 1 0 0 1 0 0 0 0 1 0 0 0 0 1 1 0 1 0 0 0 0 0 0 0 1 0 1 0 1 0 0 0 1 1 0 0 1 1 0 0 0 1 1 1 1 1 0 0 0 ...
1 0 0 0 0 0 0 0 1 0 0 1 1 0 1 0 0 0 0 1 1 0 0 0 0 0 1 0 1 0 0 0 0 0 0 1 0 0 0 0 0 0 0 0 0 0 0 1 0 1 ...
1 1 1 1 0 0 0 1 0 1 1 0 0 0 0 1 1 0 0 0 0 0 0 0 0 0 0 0 0 1 0 0 1 1 0 0 0 0 0 0 1 0 1 0 0 1 0 0 0 0 ...
1 1 0 0 0 1 0 0 0 1 1 0 0 1 1 0 1 0 1 1 0 1 0 0 0 1 1 0 0 0 1 0 0 0 0 0 0 0 0 0 0 0 0 0 0 0 0 0 0 0 ...
1 0 0 0 0 0 1 0 0 1 1 0 0 0 1 1 0 0 0 0 0 0 1 0 1 0 0 0 0 1 1 0 0 0 0 0 1 1 0 0 1 0 1 0 0 0 0 1 0 0 ...
1 0 1 0 0 0 1 1 0 0 1 0 1 0 0 0 0 0 0 1 1 0 1 0 1 1 0 0 0 0 0 0 1 0 1 0 1 1 1 0 0 1 1 0 0 0 1 0 1 1 ...
1 0 1 0 1 0 0 0 0 1 0 0 0 1 0 0 1 0 1 0 0 0 0 0 1 1 0 0 0 0 1 0 0 0 0 0 1 0 1 0 0 0 0 0 0 0 0 1 0 0 ...
1 0 0 0 0 0 0 0 0 1 0 1 0 0 0 1 0 0 1 0 0 1 1 1 1 1 1 1 1 1 1 0 0 0 0 0 0 0 0 1 0 1 0 0 0 0 0 0 0 0 ...
1 0 1 1 0 0 0 1 1 1 0 0 0 1 0 0 1 0 1 1 0 0 0 0 1 1 1 0 0 0 0 0 0 0 0 0 1 0 0 1 0 0 0 1 0 1 1 0 0 1 ...
1 0 1 1 1 0 0 0 1 0 1 0 0 1 1 1 0 0 0 0 0 0 1 0 0 0 0 0 0 1 0 1 0 0 0 0 1 1 0 1 0 0 0 0 0 0 0 0 1 1 ...
1 0 0 0 1 0 0 0 1 0 0 0 0 1 1 1 0 1 0 0 0 0 1 0 0 0 0 0 0 0 0 0 0 1 1 0 0 1 0 0 0 1 1 0 1 1 0 0 0 1 ...
1 0 0 0 0 1 0 0 1 1 0 0 0 0 0 0 0 1 0 1 0 1 0 0 0 0 1 1 0 0 1 0 0 0 0 0 0 0 1 0 0 0 0 0 1 0 0 1 0 0 ...
1 0 0 1 0 1 0 1 0 0 0 1 0 0 0 0 0 0 0 0 1 0 0 0 1 0 0 1 1 1 0 0 0 1 0 1 1 0 0 0 0 0 1 0 0 0 0 0 0 1 ...
1 0 0 0 0 1 0 0 1 0 0 0 1 0 1 0 0 0 0 1 0 0 1 0 0 1 0 0 0 0 0 1 0 1 0 0 1 1 0 1 0 0 0 1 1 0 0 0 0 0 ...
1 0 0 0 0 1 0 0 0 0 0 0 0 0 0 1 0 0 0 1 0 0 0 0 0 1 0 0 0 0 0 0 0 0 0 0 0 0 1 0 1 0 0 0 0 0 0 0 1 0 ...
1 1 1 0 0 1 0 1 0 1 0 1 1 0 1 0 0 0 0 0 1 0 0 0 0 1 0 1 0 0 0 0 0 0 0 0 0 0 1 0 1 0 0 0 1 0 1 0 1 0 ...
1 0 1 0 0 0 0 0 0 0 0 0 0 0 0 1 0 0 1 0 1 1 0 0 0 0 0 0 0 1 1 1 0 0 1 0 1 0 1 0 0 0 0 0 1 0 1 0 0 1 ...
1 1 0 1 0 0 0 0 0 1 0 0 1 1 0 0 1 1 0 0 1 0 1 0 0 0 0 0 0 0 0 0 1 0 0 0 1 1 0 0 1 1 0 0 1 0 1 1 1 0 ...
1 0 0 0 0 1 0 0 0 0 0 0 1 1 0 0 0 0 0 1 0 0 1 0 1 1 0 0 0 1 0 1 0 1 0 1 0 0 0 0 0 0 1 0 0 0 0 1 0 1 ...
1 1 0 0 0 0 0 0 0 0 0 1 1 0 1 0 0 0 0 0 1 1 0 1 0 0 0 0 0 1 1 0 1 0 0 0 1 1 0 0 0 0 0 0 0 0 0 0 0 0 ...
1 0 0 0 0 0 0 0 1 0 0 1 0 0 0 0 1 0 1 0 1 0 0 0 1 0 1 0 0 1 0 1 0 0 0 0 1 0 0 1 0 0 1 1 0 1 0 0 0 0 ...
1 1 0 0 0 1 0 0 0 0 0 1 1 0 0 1 0 0 0 0 0 0 0 1 0 0 0 0 0 0 0 0 0 1 1 0 0 0 0 0 1 1 1 0 0 0 1 1 1 0 ...
1 0 0 0 0 0 0 0 0 0 0 0 1 0 0 1 0 1 0 0 1 0 1 1 0 0 1 0 1 0 0 1 1 1 0 0 0 1 0 0 0 0 0 1 1 1 1 0 0 0 ...
1 0 0 0 0 1 1 0 0 0 0 0 1 0 0 0 0 0 0 1 0 1 0 0 0 1 1 0 0 0 1 0 0 0 1 0 0 0 0 0 0 1 0 1 0 0 0 0 0 0 ...
1 0 0 0 0 1 1 0 1 0 1 0 1 0 0 1 1 0 0 0 1 0 0 0 0 0 1 0 0 0 0 1 0 0 0 1 0 0 0 0 0 0 1 0 1 0 0 0 0 0 ...
1 1 0 0 0 0 0 1 0 0 0 0 1 0 1 0 0 0 0 0 1 0 1 0 0 0 0 0 0 1 0 0 1 0 0 0 0 1 0 0 0 1 1 0 0 1 0 0 0 0 ...
1 0 1 0 1 0 0 0 1 1 1 1 1 0 1 0 0 0 0 0 1 1 0 0 0 1 0 1 0 1 0 0 0 0 0 0 0 0 1 0 1 0 0 0 0 0 0 1 0 0 ...
1 0 0 0 0 1 0 1 0 1 0 1 1 1 0 1 0 0 0 0 0 0 0 0 0 1 0 0 0 1 0 1 0 0 1 1 1 0 1 0 0 0 1 0 0 0 0 0 0 0 ...
1 0 0 1 0 0 1 0 0 1 0 1 0 0 0 0 0 1 0 0 0 1 1 0 1 1 0 0 0 0 0 0 0 0 0 0 0 0 1 1 0 0 1 1 1 0 1 0 0 0 ...
1 1 0 0 0 1 1 0 0 0 1 0 0 0 0 0 0 0 0 1 0 1 0 0 0 1 1 0 0 0 0 0 0 1 0 0 1 0 1 1 1 0 0 0 0 1 0 0 0 1 ...
1 1 0 0 1 1 1 1 0 0 0 0 0 0 0 0 0 1 0 1 0 0 0 1 0 0 0 0 1 1 1 1 0 0 0 0 0 0 0 1 0 1 0 0 0 0 0 0 0 0 ...
1 1 1 0 1 1 1 0 0 0 0 1 1 0 0 0 1 0 1 0 0 1 1 0 0 0 1 1 0 0 0 0 1 1 1 1 0 1 1 0 0 0 0 0 0 1 0 0 0 0 ...
1 0 0 1 1 1 1 0 1 1 1 0 1 0 1 1 0 0 0 1 1 0 0 0 0 0 0 1 0 0 0 1 1 0 1 0 0 1 0 0 0 0 0 0 0 0 0 1 0 0 ...
1 1 0 0 1 0 0 0 0 0 0 0 1 0 0 0 0 0 1 1 0 1 0 0 0 1 0 1 0 0 1 0 1 0 1 1 0 0 1 0 1 0 1 0 0 0 1 0 1 1 ...
1 1 0 0 1 0 0 1 0 0 0 0 0 0 0 0 1 0 1 0 0 0 0 1 0 0 1 0 0 1 1 0 0 0 0 0 0 0 0 0 0 1 1 0 1 0 0 1 0 1 ...
1 0 1 1 0 0 0 0 0 0 0 0 0 0 1 0 0 0 0 0 0 0 0 0 0 0 0 0 1 0 1 0 0 0 0 0 0 0 0 1 1 0 0 0 0 1 0 1 0 1 ...
1 0 0 1 0 1 0 0 0 0 1 0 0 1 0 1 0 0 0 0 1 1 1 0 0 0 0 0 0 0 1 1 1 1 0 0 0 0 0 1 1 0 0 0 0 0 0 1 1 0 ...
1 0 1 0 0 1 0 0 1 0 0 0 1 0 1 0 0 0 0 1 1 1 1 0 1 1 1 0 0 1 0 0 0 0 1 0 0 0 0 0 0 0 1 0 0 0 0 0 0 0 ...
1 0 0 0 1 0 1 0 0 1 0 0 0 0 0 0 1 1 0 0 0 0 0 0 0 0 0 1 1 0 0 1 1 0 0 0 1 1 1 1 1 0 0 0 0 1 1 1 1 0 ...
1 0 1 0 0 0 0 1 0 1 1 0 1 1 1 0 0 0 0 0 0 1 1 0 0 1 0 0 0 0 0 1 1 0 0 0 0 0 0 1 0 1 0 0 0 0 0 0 0 0 ...
1 0 0 1 1 1 0 0 0 1 1 0 1 1 1 1 1 0 1 0 1 0 0 0 0 0 0 0 0 0 0 1 1 0 1 1 0 0 0 0 0 0 1 0 1 1 0 1 1 0 ...
1 1 0 0 0 0 0 0 0 0 0 0 1 0 0 1 1 0 0 1 0 1 0 1 0 0 1 1 0 0 0 1 0 0 0 0 0 0 0 0 0 0 0 0 0 0 0 0 0 1 ...
1 1 0 0 0 1 0 0 0 0 0 1 1 0 0 0 1 1 1 0 0 0 1 0 1 0 0 1 1 0 0 0 0 0 0 0 0 0 1 0 0 1 0 0 0 0 1 0 0 0 ...
1 0 1 1 0 0 1 1 0 0 0 0 0 0 1 0 0 0 1 0 0 0 0 0 0 0 0 0 1 1 0 0 0 0 0 0 1 0 0 1 0 0 0 0 0 0 0 1 0 0 ...
1 0 0 0 1 0 0 0 0 0 0 0 1 0 0 0 1 0 1 0 0 1 0 1 0 0 1 0 1 0 1 0 0 0 0 0 0 0 1 0 0 0 0 0 0 0 0 0 0 0 ...
1 1 0 0 1 0 0 0 0 1 1 0 1 1 0 1 0 1 0 1 0 0 1 0 0 0 0 1 1 0 0 1 0 0 0 1 1 0 0 0 0 1 1 0 1 0 0 0 0 0 ...
1 0 0 0 0 0 0 1 0 0 0 0 1 0 1 1 1 0 1 0 0 1 0 1 0 0 0 0 0 1 1 0 1 0 1 0 1 0 1 0 0 0 0 0 0 0 0 0 1 0 ...
1 1 0 1 0 0 1 0 0 0 1 0 1 0 1 0 0 0 0 0 0 1 0 0 1 0 0 1 0 0 0 0 1 0 0 1 0 0 1 1 0 0 0 1 1 1 0 1 1 0 ...
1 0 0 1 0 0 1 1 0 0 0 0 0 1 0 0 0 1 0 1 0 0 0 0 0 0 0 1 0 0 0 0 1 0 1 0 0 1 0 0 0 1 1 0 1 0 0 1 0 0 ...
1 0 1 0 0 0 0 0 1 0 0 1 1 1 0 1 0 0 1 0 1 0 0 1 0 0 1 0 1 0 1 0 0 0 0 0 0 0 0 0 1 1 0 1 0 1 0 0 0 1 ...
1 0 0 1 0 0 1 0 0 0 1 0 0 0 0 0 0 0 0 0 1 1 1 0 0 0 0 0 0 1 0 0 0 1 0 0 0 0 1 0 0 1 0 0 0 1 1 1 1 0 ...
1 0 0 0 1 1 1 1 0 1 0 1 1 0 0 0 0 0 1 0 0 1 0 1 0 0 1 0 0 0 0 0 1 0 1 1 0 1 1 0 1 0 0 0 1 0 0 0 0 0 ...
1 0 0 0 0 0 0 0 0 0 1 0 0 1 0 0 1 1 0 0 0 1 0 0 0 0 0 0 0 1 0 0 0 1 0 1 0 0 0 0 0 1 1 0 1 1 0 0 0 1 ...
1 0 1 0 1 0 0 0 0 0 0 0 0 1 0 0 1 0 0 1 0 1 0 0 0 0 0 1 0 0 0 0 1 0 0 1 1 0 1 0 0 0 0 1 0 0 0 0 1 0 ...
1 1 1 0 0 1 0 1 0 0 0 0 0 0 0 0 0 0 1 0 1 1 1 0 0 0 0 1 0 1 0 0 0 1 0 0 0 1 1 0 0 0 0 0 0 0 1 0 0 1 ...
1 1 0 0 1 1 1 0 0 0 0 0 0 1 1 1 0 0 0 0 0 0 1 0 0 0 0 0 0 0 0 0 0 0 0 0 0 0 0 1 1 0 1 0 0 0 0 0 0 0 ...
1 1 0 1 0 1 1 1 0 0 1 1 0 0 1 0 1 1 0 0 1 1 0 0 0 1 1 0 0 0 1 0 0 0 0 1 0 0 1 0 0 1 0 1 1 0 0 1 1 0 ...
1 0 0 1 0 0 0 0 1 0 1 0 0 1 0 0 0 1 0 0 1 0 0 1 0 0 0 0 0 0 0 1 0 1 1 0 0 0 1 0 0 1 0 0 0 0 1 0 0 0 ...
1 1 1 1 1 1 1 1 1 1 1 1 1 1 1 1 1 1 1 1 1 1 1 1 1 1 1 1 1 1 1 1 1 1 1 1 1 1 1 1 1 1 1 1 1 1 1 1 1 1 ...
75 31
1 1 1 1 1 1 1 1 1 1 1 1 1 1 1 1 1 1 1 1 1 1 1 1 1 1 1 1 1 1 1 1 1 1 1 1 1 1 1 1 1 1 1 1 1 1 1 1 1 1 ...
1 0 1 0 0 0 0 1 0 1 1 1 0 0 0 0 0 1 1 0 0 0 1 1 0 0 0 0 1 0 0 0 0 0 0 0 1 0 0 1 0 0 1 1 1 0 0 0 1 0 ...
1 0 0 0 1 0 0 0 0 1 0 1 1 0 0 0 0 0 0 0 0 0 0 0 0 1 1 0 0 0 0 0 0 0 0 0 1 0 0 0 0 0 0 0 0 0 0 0 0 1 ...
1 0 1 1 1 0 0 1 1 1 0 0 1 0 0 0 0 0 0 0 1 0 1 1 1 0 1 0 0 0 1 0 1 0 0 0 0 1 0 0 1 1 0 0 1 0 0 0 0 0 ...
1 0 0 0 0 0 1 0 0 0 0 1 0 0 0 0 0 0 0 0 0 0 0 0 1 1 0 0 0 0 1 0 0 1 1 1 0 1 0 1 0 0 1 0 1 0 1 0 0 0 ...
1 0 0 1 0 1 0 1 0 0 1 0 1 0 0 1 0 0 0 0 1 0 1 1 0 0 0 0 1 1 0 0 0 0 1 1 0 0 1 1 0 0 0 0 0 0 0 0 0 0 ...
1 1 0 1 0 1 1 0 0 0 0 1 0 0 0 0 0 0 1 1 0 1 1 1 0 0 0 0 1 0 1 0 0 0 0 1 0 1 0 0 0 0 1 0 1 0 0 0 0 0 ...
1 0 0 0 1 1 1 0 0 1 0 0 1 1 0 0 0 0 0 0 1 0 1 1 1 0 1 1 0 0 0 0 1 0 1 1 1 1 0 0 0 0 1 1 0 0 0 0 0 0 ...
1 0 0 0 0 1 0 0 0 0 0 1 0 0 1 0 0 1 0 0 0 0 1 1 0 0 0 1 0 0 0 1 0 0 0 1 0 0 0 1 0 0 0 0 0 0 1 0 0 0 ...
1 0 1 1 0 0 0 0 0 0 0 0 1 0 1 0 0 0 0 0 0 1 1 0 0 1 0 1 0 1 0 0 0 0 1 0 0 0 1 1 0 0 0 1 0 0 1 1 1 1 ...
1 1 0 1 1 1 1 0 0 0 0 1 0 0 0 0 0 1 0 0 0 0 1 1 0 1 0 0 1 0 0 0 0 1 0 0 0 1 1 0 0 0 0 0 0 0 1 0 0 1 ...
1 1 0 0 0 0 1 0 0 0 1 0 0 0 0 0 1 1 0 0 0 0 0 0 1 0 0 0 1 1 0 0 1 0 1 0 0 0 0 0 0 0 1 1 0 0 0 0 0 0 ...
1 1 0 0 0 1 0 0 0 0 0 1 0 0 0 0 0 0 0 0 0 0 1 0 0 1 0 1 1 0 1 0 0 0 1 0 0 0 1 0 1 0 0 1 0 1 1 0 0 0 ...
1 0 1 0 1 0 1 0 0 1 0 0 0 0 0 0 0 1 1 0 0 0 0 0 1 1 0 1 0 0 0 1 0 1 0 1 0 0 0 0 0 1 1 0 0 0 1 0 0 1 ...
1 1 1 0 1 0 0 0 0 0 0 1 1 0 0 0 0 1 0 0 0 0 0 0 1 0 1 1 0 0 1 1 0 0 0 0 0 1 1 0 0 0 0 0 0 0 0 0 0 1 ...
1 0 0 0 0 0 0 1 0 1 0 0 0 1 0 0 1 1 1 1 0 1 0 0 0 1 1 0 0 1 1 0 0 0 0 0 0 1 0 1 1 0 0 0 0 1 0 0 1 0 ...
1 0 0 1 0 0 1 0 0 0 0 0 0 0 0 0 0 1 1 1 0 0 0 0 0 0 0 0 0 1 0 0 0 1 1 1 0 1 0 0 0 0 1 0 0 0 0 0 0 1 ...
1 0 0 1 0 1 0 0 1 0 1 1 0 1 0 0 0 0 1 1 0 0 0 1 0 1 0 0 0 1 0 0 0 0 0 1 0 0 0 0 1 1 0 0 0 0 0 1 0 0 ...
1 0 1 0 0 1 1 1 0 0 0 1 0 0 0 0 1 0 0 0 0 1 0 0 0 0 0 1 0 1 0 1 0 1 0 0 1 1 0 0 1 1 1 1 0 1 0 1 0 1 ...
1 0 0 0 0 0 1 1 0 0 1 0 0 0 0 0 0 0 0 0 0 0 0 0 0 0 0 0 1 0 0 0 0 0 0 0 0 1 0 1 0 0 0 0 0 0 1 0 0 0 ...
1 1 1 0 1 0 0 0 0 1 1 0 0 0 1 0 1 0 0 0 0 0 1 0 0 0 0 0 1 0 0 1 0 0 1 0 1 0 0 1 0 0 0 1 0 0 0 1 1 0 ...
1 0 0 0 0 0 0 0 1 0 1 0 1 0 0 0 0 0 1 1 1 0 0 0 0 0 0 0 0 1 0 0 0 0 0 1 0 0 0 1 1 0 0 1 0 0 1 0 0 0 ...
1 0 0 0 0 0 1 0 1 0 1 1 0 1 0 1 0 1 0 0 0 0 1 1 0 0 0 0 0 0 0 0 1 1 0 0 0 1 1 0 0 1 0 1 1 0 1 0 0 0 ...
1 0 0 0 1 1 1 0 1 0 0 0 0 0 1 0 0 1 0 0 0 0 0 0 0 0 0 0 1 1 0 0 1 1 1 0 1 0 0 1 0 1 1 0 1 0 0 0 1 0 ...
1 0 0 0 0 0 0 1 0 0 1 1 0 0 0 1 0 0 1 0 1 0 0 0 0 0 1 0 0 1 0 1 0 1 0 0 0 0 0 0 0 0 0 1 0 1 1 0 0 0 ...
1 0 0 0 1 1 0 1 1 1 1 0 0 1 1 0 0 1 1 0 1 1 1 1 0 1 1 1 0 0 1 0 0 0 0 0 0 0 0 0 0 0 0 0 0 1 0 1 0 0 ...
1 0 1 0 0 1 0 1 0 0 0 0 0 0 1 0 1 1 1 1 1 0 0 1 0 1 1 0 0 1 0 0 0 0 0 1 0 0 0 1 0 0 0 0 1 0 0 1 0 1 ...
1 1 0 0 0 0 1 0 1 1 0 0 1 0 0 0 1 0 0 1 1 0 0 1 0 0 0 0 1 0 0 0 0 0 1 0 0 1 1 0 0 0 0 0 1 0 0 0 1 0 ...
1 0 1 1 1 1 1 0 0 1 1 0 0 1 0 0 0 0 0 0 1 0 0 0 0 0 0 1 0 0 1 1 0 1 1 1 1 0 1 0 0 1 0 0 1 0 0 0 1 0 ...
1 1 0 0 0 0 0 0 0 1 0 0 0 0 0 1 0 1 0 0 0 1 0 0 0 0 1 1 1 0 0 1 0 1 0 0 0 0 0 0 1 1 0 0 0 1 0 1 0 0 ...
1 1 1 1 1 1 1 1 1 1 1 1 1 1 1 1 1 1 1 1 1 1 1 1 1 1 1 1 1 1 1 1 1 1 1 1 1 1 1 1 1 1 1 1 1 1 1 1 1 1 ...
69 41
1 1 1 1 1 1 1 1 1 1 1 1 1 1 1 1 1 1 1 1 1 1 1 1 1 1 1 1 1 1 1 1 1 1 1 1 1 1 1 1 1 1 1 1 1 1 1 1 1 1 ...
1 0 0 1 0 0 1 1 1 0 0 1 1 1 1 0 0 1 0 0 0 0 0 0 0 0 0 1 0 1 1 1 1 1 0 0 1 0 0 0 0 0 1 0 0 1 0 0 0 0 ...
1 1 0 0 1 0 0 0 0 1 0 0 0 0 1 1 0 0 0 0 0 0 0 0 0 1 0 0 1 0 1 0 0 0 0 0 1 0 0 1 0 0 0 0 1 0 0 0 0 0 ...
1 1 0 0 0 1 1 0 1 0 0 0 0 1 0 0 1 1 1 0 0 1 0 0 1 1 0 1 0 0 0 0 0 1 0 0 1 0 0 0 1 0 0 0 0 1 0 1 0 0 ...
1 0 1 0 0 0 0 1 0 0 0 0 1 0 1 1 1 0 1 0 1 1 0 1 0 1 0 0 0 0 0 1 0 0 0 0 0 1 0 0 0 1 1 0 0 1 0 0 0 1 ...
1 1 0 0 1 0 0 0 1 1 0 0 0 0 0 0 0 0 0 0 0 1 1 0 0 0 0 0 0 1 0 0 0 1 0 0 0 1 1 0 1 0 0 0 1 0 1 1 1 0 ...
1 1 1 1 0 0 1 1 0 0 0 0 0 0 0 0 0 0 1 0 0 1 0 0 0 0 1 0 0 0 0 0 1 0 0 0 1 0 0 0 0 0 0 0 0 1 0 1 1 1 ...
1 0 0 0 0 1 0 0 0 0 1 0 0 0 0 0 0 0 0 0 0 1 0 1 0 1 0 0 0 0 0 0 1 0 0 0 1 1 0 0 0 0 0 0 0 0 0 0 0 1 ...
1 0 0 0 0 1 0 0 0 1 0 1 1 1 0 0 1 1 1 1 0 0 0 1 0 1 0 0 0 1 0 0 1 1 0 0 1 0 0 0 0 0 0 0 0 0 0 0 0 0 ...
1 1 0 0 0 1 0 0 0 0 0 0 1 0 1 0 1 1 0 0 0 0 0 1 0 0 1 0 1 0 0 1 0 0 0 0 0 0 0 0 1 0 0 1 0 0 0 0 0 1 ...
1 0 0 0 1 0 0 0 1 1 0 0 1 0 0 1 1 0 1 0 0 1 0 0 0 1 0 1 0 0 1 1 0 0 0 1 1 1 0 0 0 1 0 0 1 0 0 1 0 0 ...
1 0 1 0 1 1 0 1 1 1 0 1 0 1 0 0 0 0 0 1 0 0 0 0 0 0 0 0 0 0 1 1 0 0 1 0 1 0 1 1 0 0 0 1 0 1 1 0 0 0 ...
1 0 0 1 1 1 0 1 1 0 1 0 1 0 0 1 0 1 0 0 1 0 0 0 1 1 0 0 1 0 0 0 0 1 1 0 1 0 0 1 1 0 0 1 0 1 1 0 1 0 ...
1 0 0 0 0 1 1 0 0 1 0 0 1 0 0 0 0 1 0 1 0 1 0 0 1 0 0 0 0 0 0 1 0 0 0 0 0 0 1 0 1 0 0 0 0 0 0 1 0 0 ...
1 0 1 0 0 0 1 0 0 0 0 0 0 0 0 0 0 0 0 0 1 0 1 0 1 0 0 1 0 0 0 0 0 0 0 0 0 0 0 0 0 0 1 0 0 0 0 1 1 0 ...
1 0 0 1 0 0 0 0 0 0 1 0 0 0 0 0 0 0 0 0 0 0 1 0 0 0 1 1 0 0 0 1 0 0 1 1 0 1 0 0 0 1 0 1 0 1 1 1 0 0 ...
1 1 1 0 0 1 0 0 0 1 0 0 0 0 0 0 0 0 1 0 1 0 1 0 1 1 0 0 0 0 0 0 0 0 1 1 0 0 1 0 0 0 1 0 0 0 0 1 0 0 ...
1 0 0 0 1 0 0 1 0 1 0 0 0 0 0 1 1 0 0 1 0 0 1 0 0 1 0 1 0 1 0 0 0 0 0 0 0 0 0 0 0 0 0 1 1 0 0 1 0 0 ...
1 0 0 1 0 0 0 1 1 0 0 1 0 0 1 0 0 1 1 1 0 0 1 0 0 1 0 0 0 1 1 1 1 0 0 0 0 0 0 0 0 0 0 0 0 1 0 0 1 1 ...
1 0 0 0 1 0 0 0 1 0 0 0 0 0 0 0 0 0 0 0 0 1 0 0 1 1 0 1 0 0 0 1 0 0 1 1 0 0 0 0 0 1 0 1 0 1 1 0 0 1 ...
1 1 0 0 0 1 1 0 1 0 0 0 0 0 1 0 0 0 0 0 0 0 0 0 0 0 0 0 1 0 0 0 0 0 0 1 0 0 0 0 0 0 0 0 0 0 1 0 1 0 ...
1 0 0 0 0 1 0 0 1 1 1 0 1 0 1 0 1 0 0 0 0 1 0 1 0 1 0 0 0 0 0 1 1 1 0 0 1 0 0 0 1 0 0 1 0 0 0 0 0 0 ...
1 0 0 0 0 0 X 1 0 0 0 0 1 1 0 1 0 0 0 0 1 1 0 0 0 0 0 1 0 0 0 0 0 1 1 0 0 0 1 0 1 0 0 0 0 0 0 1 0 0 ...
1 0 0 0 1 0 1 1 1 0 0 1 1 0 0 0 0 1 0 1 1 0 1 0 0 0 0 0 0 0 1 0 1 0 0 0 1 1 1 0 0 0 0 0 1 0 1 0 1 0 ...
1 1 1 0 0 0 1 1 0 1 1 0 1 0 0 1 0 1 1 1 0 0 0 0 0 0 0 0 0 0 0 0 0 1 0 0 0 0 0 0 0 0 0 0 0 1 0 0 0 0 ...
1 1 1 1 0 0 1 1 0 1 0 0 0 0 0 1 1 0 1 1 1 0 0 1 0 1 0 0 0 1 1 0 1 1 0 0 0 0 0 0 0 0 0 1 1 0 1 0 0 0 ...
1 1 0 0 0 0 0 1 0 1 1 1 1 0 0 0 1 1 0 0 0 1 0 0 0 0 0 0 0 0 0 1 0 0 1 0 0 0 1 0 0 0 1 0 0 0 0 0 0 0 ...
1 1 0 0 1 0 1 1 1 0 0 1 0 0 0 0 0 1 1 1 1 0 1 0 0 0 1 1 1 0 0 1 0 0 1 1 1 1 0 0 0 0 1 0 1 1 0 0 1 0 ...
1 0 0 1 1 0 0 0 0 0 1 1 0 0 0 0 1 0 0 0 0 0 1 1 1 0 0 0 0 0 0 0 1 1 0 1 0 0 0 0 0 0 0 0 0 0 0 0 1 0 ...
1 1 0 0 0 0 1 1 1 0 0 0 0 0 0 0 0 0 0 0 0 0 0 0 0 0 0 1 0 0 1 1 0 0 0 1 0 0 0 1 0 0 0 1 1 0 0 0 1 1 ...
1 0 1 0 0 1 1 0 1 0 1 0 0 0 0 1 1 0 0 1 1 0 1 1 1 0 0 0 0 1 0 1 0 0 0 0 0 0 0 0 0 0 0 1 1 0 1 1 1 0 ...
1 0 0 1 0 0 0 0 0 1 0 0 0 0 1 0 0 0 1 0 0 0 0 0 0 0 0 0 0 1 1 0 0 0 0 0 0 0 0 0 0 1 0 0 0 0 0 0 1 0 ...
1 1 0 1 0 0 0 0 1 1 0 0 1 1 1 1 1 1 1 1 1 0 0 0 1 0 0 0 0 0 0 0 1 0 0 0 1 0 0 1 0 0 1 0 0 1 0 0 0 1 ...
1 1 1 0 1 0 0 0 1 1 0 0 1 0 0 0 0 0 0 1 0 0 0 1 1 0 0 0 0 0 0 0 0 1 1 0 0 0 0 1 0 0 1 1 0 0 0 0 0 0 ...
1 0 0 0 1 0 1 1 0 0 0 1 0 1 0 0 0 0 0 0 1 1 0 1 0 0 0 0 0 1 0 0 0 1 0 0 1 0 0 0 1 0 0 0 0 1 1 0 0 0 ...
1 0 0 0 0 1 1 0 0 1 0 1 0 1 0 0 1 0 1 0 1 0 1 1 1 0 1 0 0 1 0 1 0 0 1 0 0 0 0 1 0 1 1 1 1 0 0 1 0 0 ...
1 1 0 0 0 0 0 1 1 0 0 1 1 0 0 0 1 0 0 0 0 1 0 0 1 0 0 0 1 0 0 1 0 1 0 0 0 0 0 0 1 1 0 1 0 0 1 0 0 1 ...
1 0 0 0 0 0 0 1 1 1 0 0 1 0 0 0 0 0 0 1 1 0 0 0 0 0 1 0 1 1 0 1 1 0 0 1 0 0 0 1 0 0 0 0 0 0 1 0 0 0 ...
1 0 0 0 0 1 1 0 0 0 0 0 0 1 1 0 0 1 1 0 1 0 1 0 0 0 0 0 0 0 1 1 0 0 0 1 0 0 0 0 0 0 0 1 1 0 0 1 0 0 ...
1 1 1 0 1 0 0 0 0 1 0 0 0 0 0 0 1 0 1 0 0 0 0 0 0 0 1 1 0 1 0 0 1 0 0 0 0 0 0 1 1 0 0 1 0 0 0 0 1 0 ...
1 1 1 1 1 1 1 1 1 1 1 1 1 1 1 1 1 1 1 1 1 1 1 1 1 1 1 1 1 1 1 1 1 1 1 1 1 1 1 1 1 1 1 1 1 1 1 1 1 1 ...
25 76
1 1 1 1 1 1 1 1 1 1 1 1 1 1 1 1 1 1 1 1 1 0 1 1 1 
1 0 1 0 1 0 0 1 0 0 0 0 0 1 0 0 0 0 0 0 1 1 1 0 1 
1 1 1 1 1 0 0 0 1 0 0 0 1 0 1 1 1 0 0 1 0 0 1 0 1 
1 0 0 0 0 1 1 1 0 0 0 0 0 1 1 0 1 0 1 0 0 0 0 1 1 
1 1 0 0 1 1 1 1 0 0 1 0 0 1 1 0 1 1 0 0 0 0 0 0 1 
1 0 0 0 0 0 0 1 0 0 0 0 0 1 0 0 0 0 1 0 0 1 0 1 1 
1 1 0 0 0 0 0 0 1 0 1 0 0 0 0 0 1 0 0 0 0 0 0 0 1 
1 0 0 0 0 1 0 0 0 1 0 0 0 1 0 1 1 1 0 0 0 1 0 0 1 
1 1 0 0 1 0 0 1 0 0 1 1 1 0 0 1 0 0 0 1 0 0 1 0 1 
1 0 0 1 0 0 0 0 0 0 0 0 0 1 1 0 1 1 0 0 1 0 1 1 1 
1 1 0 0 1 0 0 1 1 0 0 0 0 0 0 0 1 1 1 0 0 1 0 0 1 
1 0 0 1 0 0 0 0 0 0 0 0 0 1 0 0 0 1 0 0 1 0 0 0 1 
1 0 0 0 0 0 0 1 0 0 0 1 1 0 0 0 1 0 1 0 0 1 0 0 1 
1 1 0 1 0 0 0 0 1 0 1 0 0 0 0 0 0 1 0 0 1 1 1 0 1 
1 0 0 0 0 1 0 1 0 1 0 1 1 0 0 0 1 0 0 1 1 1 0 0 1 
1 0 0 0 0 0 0 0 0 0 1 0 0 1 1 0 1 0 1 1 0 0 0 0 1 
1 0 1 0 0 1 0 0 0 1 1 1 0 0 0 0 0 0 0 0 1 0 1 0 1 
1 0 0 0 0 0 1 0 0 0 0 0 0 0 0 0 0 0 0 0 0 0 0 0 1 
1 1 0 0 0 0 0 1 1 0 0 1 1 1 0 1 0 0 0 0 0 1 1 0 1 
1 0 1 0 0 1 0 0 1 0 1 1 0 0 0 0 1 1 0 1 1 0 0 1 1 
1 0 1 0 1 0 0 1 0 0 0 0 1 1 0 0 0 0 0 0 0 0 0 0 1 
1 0 0 0 0 0 0 0 0 0 1 0 1 0 0 1 0 0 0 0 0 0 0 1 1 
1 0 0 0 0 0 0 1 0 0 0 0 1 0 0 0 0 0 0 0 0 1 1 0 1 
1 0 0 1 1 1 0 1 0 0 0 1 0 0 0 0 1 1 0 1 1 1 0 0 1 
1 0 0 0 0 1 0 0 0 0 0 0 0 0 0 0 0 0 1 0 1 0 0 0 1 
1 0 0 1 0 0 1 1 1 0 0 0 0 0 0 1 1 0 0 1 1 0 0 0 1 
1 0 0 0 0 0 0 0 0 0 0 0 0 1 0 0 0 0 0 0 1 0 0 1 1 
1 0 0 0 0 0 0 1 1 1 0 0 1 1 1 0 0 0 0 0 1 0 0 0 1 
1 0 1 0 0 1 1 1 1 1 0 0 0 1 1 0 0 0 0 1 1 0 1 0 1 
1 0 0 0 0 1 1 0 0 0 1 1 1 1 1 1 1 1 0 0 0 1 0 0 1 
1 1 0 0 1 0 0 0 0 0 1 1 0 0 0 0 0 0 0 0 1 0 0 0 1 
1 1 0 1 0 0 1 0 0 1 0 0 0 1 1 0 0 0 0 1 1 1 0 0 1 
1 0 0 0 0 0 1 1 0 1 1 0 0 0 0 0 0 0 0 1 0 1 0 0 1 
1 0 1 0 0 0 0 0 0 0 0 0 1 1 0 0 0 0 0 1 0 0 0 0 1 
1 0 0 0 0 0 0 0 0 0 0 0 1 1 0 0 0 0 0 0 0 0 0 1 1 
1 0 1 0 0 0 0 0 1 1 1 0 0 0 1 0 1 0 0 0 0 0 1 0 1 
1 0 1 0 0 1 0 0 0 0 1 0 1 0 1 0 0 0 0 0 1 0 1 0 1 
1 0 0 1 1 1 0 0 0 0 0 0 0 0 0 1 0 1 0 0 1 0 0 0 1 
1 0 1 1 0 0 0 0 0 0 1 0 0 0 0 1 0 0 0 0 0 0 0 0 1 
1 0 0 0 0 0 0 0 1 0 0 1 0 0 0 1 0 1 1 0 0 1 1 0 1 
1 0 0 1 0 1 0 0 0 0 1 0 0 0 0 1 0 0 0 0 1 0 0 1 1 
1 0 0 0 0 0 1 0 1 1 0 0 0 0 1 0 1 1 0 0 0 0 0 0 1 
1 0 1 0 0 1 1 0 1 0 0 1 0 0 1 1 0 1 0 0 0 0 1 1 1 
1 1 0 0 1 0 0 0 0 0 0 0 0 0 0 0 0 0 0 0 0 0 0 1 1 
1 0 0 0 1 0 0 0 0 0 0 0 0 1 1 0 1 0 1 0 0 0 0 0 1 
1 1 0 0 0 0 0 0 0 0 0 0 0 0 1 0 1 1 1 0 0 1 0 0 1 
1 0 1 0 0 0 0 0 0 1 0 0 0 1 0 0 0 0 1 1 0 0 0 0 1 
1 1 1 0 0 0 0 0 1 1 1 0 0 0 1 1 0 0 0 1 0 0 1 0 1 
1 1 0 0 0 0 1 0 0 1 0 1 0 0 0 0 0 1 0 1 0 1 1 0 1 
1 0 0 1 0 1 1 0 0 1 0 1 0 0 1 0 0 1 0 0 0 1 0 0 1 
1 0 1 0 0 0 1 0 1 0 1 0 0 1 0 1 0 0 0 0 1 1 0 1 1 
1 1 1 0 0 0 1 0 1 0 0 0 1 0 0 0 0 0 0 1 0 0 0 0 1 
1 0 0 0 1 0 1 0 0 1 0 0 0 0 0 0 0 0 1 0 0 0 0 1 1 
1 0 0 0 0 0 1 1 0 0 0 0 0 1 0 0 1 0 0 0 0 0 1 0 1 
1 0 0 1 0 0 0 0 0 0 0 1 1 0 0 0 0 0 0 0 0 0 1 0 1 
1 0 0 1 0 0 0 1 1 1 1 1 1 0 0 0 1 0 0 1 0 0 0 1 1 
1 0 1 0 1 0 0 1 1 0 1 1 0 0 0 0 0 0 0 1 1 1 0 0 1 
1 1 0 0 1 0 0 0 0 0 0 0 0 1 1 0 1 0 0 1 0 0 0 0 1 
1 1 0 0 0 0 0 0 0 0 0 0 1 0 1 0 1 0 0 0 0 0 0 0 1 
1 0 0 0 0 0 0 1 0 1 1 1 1 0 0 0 0 0 1 0 0 0 0 0 1 
1 0 1 1 1 0 0 0 1 0 0 0 0 0 1 0 1 0 0 1 1 1 1 0 1 
1 0 0 0 1 0 0 0 1 0 0 0 1 0 1 0 0 1 1 0 0 0 0 0 1 
1 0 0 1 0 0 0 0 1 0 1 0 0 0 1 0 0 1 0 0 1 1 0 0 1 
1 0 0 0 0 0 0 1 1 0 0 1 0 0 0 0 0 1 1 0 0 0 0 1 1 
1 1 0 0 0 0 0 0 1 0 1 1 0 0 1 0 1 0 0 0 1 0 0 1 1 
1 0 0 1 0 0 0 1 0 0 0 0 0 0 0 0 0 1 0 0 0 0 1 0 1 
1 1 1 0 0 0 0 0 X 1 1 0 0 0 1 0 0 0 0 1 1 0 0 0 1 
1 0 0 1 1 1 1 1 0 1 1 1 0 1 0 0 0 0 1 1 1 0 0 0 1 
1 0 0 1 1 0 0 0 0 0 0 0 1 0 0 1 0 0 1 0 0 1 0 0 1 
1 0 1 0 0 1 1 0 0 0 0 0 0 1 1 0 0 1 0 1 1 1 0 1 1 
1 1 0 1 0 1 1 0 0 0 0 0 1 0 0 0 1 1 0 0 0 1 0 0 1 
1 0 0 1 0 0 0 1 0 1 0 0 1 0 1 0 1 0 1 0 1 0 0 0 1 
1 0 1 0 1 0 0 0 0 0 0 0 0 1 0 0 0 1 0 0 1 1 0 0 1 
1 0 0 0 0 0 0 1 1 1 1 0 1 0 0 0 0 0 1 1 1 1 1 0 1 
1 1 1 0 0 0 0 0 1 0 1 0 0 0 0 0 0 0 0 1 0 1 1 0 1 
1 1 1 1 1 1 1 1 1 1 1 1 1 1 1 1 1 1 1 1 1 1 1 1 1 
58 93
1 1 1 1 1 1 1 1 1 1 1 1 1 1 1 1 1 1 1 1 1 1 1 1 1 1 1 1 1 1 1 1 1 1 1 1 1 1 1 1 1 1 1 1 1 1 1 1 1 1 ...
1 0 0 0 0 0 0 1 1 0 0 1 0 1 0 0 0 0 1 1 0 0 1 0 0 0 0 0 1 0 0 0 0 0 0 1 0 1 0 0 0 1 1 0 0 0 1 0 1 1 ...
1 0 0 1 1 0 0 0 0 1 1 0 1 0 1 1 0 1 0 0 1 1 0 0 1 1 1 0 0 0 0 0 1 0 0 0 0 0 0 0 0 0 1 0 0 1 0 0 0 0 ...
1 0 0 0 0 0 1 0 1 0 1 1 1 1 0 0 0 0 1 1 0 0 0 1 1 0 0 0 1 0 0 0 0 0 1 1 1 1 0 0 0 0 0 0 1 0 0 0 0 0 ...
1 0 1 0 0 0 0 0 0 0 0 0 0 0 0 1 0 1 1 0 1 0 1 0 1 0 1 0 1 0 0 0 1 0 0 1 1 1 0 0 0 0 1 0 0 0 0 1 1 0 ...
1 0 1 0 1 1 0 0 0 0 0 0 0 1 0 1 0 0 1 1 0 0 1 1 0 0 1 1 1 0 0 0 1 1 0 0 0 0 0 0 0 1 0 0 1 0 0 1 1 0 ...
1 0 0 0 0 1 1 0 1 0 1 0 0 0 0 0 0 0 0 0 0 0 0 0 1 0 1 1 0 0 0 0 0 0 0 0 0 0 0 0 0 0 0 1 1 1 0 0 0 0 ...
1 0 0 0 0 0 1 0 0 0 1 0 1 0 0 0 1 1 0 1 1 0 1 0 1 0 1 0 0 0 0 0 0 1 1 0 0 1 1 1 0 1 1 0 0 0 0 0 0 1 ...
1 0 0 1 0 0 0 0 1 0 1 0 0 1 0 1 1 0 0 0 0 0 0 0 0 0 0 0 0 0 0 0 0 0 1 1 1 0 0 1 1 0 0 0 0 0 1 1 0 0 ...
1 0 0 0 0 0 0 1 1 0 1 1 0 0 1 1 1 0 0 1 0 0 0 0 0 0 0 0 0 0 0 0 0 0 0 0 0 0 1 0 1 1 0 0 0 0 0 1 0 0 ...
1 1 1 0 1 0 1 0 0 0 1 0 1 1 0 1 0 1 1 0 0 0 0 1 0 0 0 0 0 0 0 0 0 0 0 0 1 0 1 0 0 1 0 0 0 1 0 0 1 0 ...
1 0 1 0 0 0 0 1 1 0 0 1 0 0 1 0 0 1 0 1 1 1 1 0 0 1 1 1 0 0 0 1 0 0 0 1 0 1 1 0 0 0 0 1 0 0 0 1 1 0 ...
1 0 0 0 1 0 1 0 1 0 0 0 0 0 0 1 0 1 0 0 0 0 0 0 0 1 0 1 0 1 0 1 0 1 0 0 1 0 1 0 1 0 0 0 0 0 0 0 0 0 ...
1 0 0 1 1 0 1 0 0 0 1 0 0 1 0 0 0 0 1 0 0 0 0 0 1 1 1 1 1 0 0 0 0 1 0 1 0 0 0 0 0 0 1 0 0 0 1 0 1 1 ...
1 0 0 0 0 1 0 1 1 1 0 0 0 1 0 0 0 0 0 0 1 0 0 1 0 0 0 0 1 0 0 0 0 0 0 1 1 0 1 1 0 0 0 0 0 0 0 1 0 0 ...
1 1 0 0 0 0 0 1 0 1 1 1 0 0 1 0 1 1 0 0 0 1 0 1 0 0 0 0 0 0 0 0 0 0 0 0 0 0 0 0 0 0 0 0 0 0 0 1 1 0 ...
1 1 0 1 0 0 0 1 1 0 0 1 0 0 0 0 1 0 0 1 0 0 1 1 0 0 0 0 0 0 0 0 0 0 0 1 0 1 1 0 0 0 0 0 1 0 0 1 0 0 ...
1 0 0 1 0 1 0 1 0 1 1 0 0 0 0 1 0 0 1 0 1 1 0 0 0 0 0 0 0 0 0 1 0 0 0 1 0 0 1 0 0 0 1 1 0 1 1 0 0 1 ...
1 1 1 0 1 1 0 0 0 0 0 0 0 0 0 0 0 0 0 1 0 0 0 0 0 0 0 0 0 1 0 0 1 1 0 0 1 1 1 0 0 0 1 0 0 0 0 0 1 1 ...
1 0 1 0 0 0 0 1 0 0 0 1 0 0 0 0 1 1 0 0 0 0 0 0 0 1 0 0 0 0 0 0 0 0 0 0 0 0 0 1 0 0 0 0 1 0 0 0 0 0 ...
1 0 1 1 0 0 1 0 0 1 0 0 0 0 0 0 0 0 0 0 0 1 1 0 0 1 1 0 0 1 1 1 0 1 1 0 0 0 0 0 0 1 0 0 1 0 0 0 1 1 ...
1 0 0 0 1 0 1 0 0 1 1 1 0 0 0 1 0 1 0 0 0 1 1 0 1 0 0 1 0 0 0 1 0 0 0 1 0 0 1 0 0 0 0 0 0 1 0 0 1 1 ...
1 0 1 0 1 1 1 1 0 0 1 1 0 1 0 0 1 1 1 0 1 0 0 1 0 0 0 0 0 0 0 0 0 0 0 0 0 0 0 0 1 0 0 0 1 0 1 1 0 1 ...
1 1 1 1 0 0 0 1 1 0 1 0 0 0 0 0 0 0 1 0 0 1 0 0 1 1 1 0 0 0 1 0 1 1 0 0 0 0 1 0 0 1 0 1 0 1 0 0 0 0 ...
1 1 0 0 0 0 0 0 0 0 0 0 0 0 1 0 0 0 0 0 0 0 0 1 0 1 1 1 0 1 1 0 1 1 1 1 0 0 1 0 1 0 0 0 1 1 0 0 0 1 ...
1 0 1 0 0 0 1 0 0 1 0 1 0 0 0 0 0 0 0 0 0 0 0 1 0 0 0 0 0 0 0 0 0 0 0 0 1 0 1 0 0 1 0 0 0 0 0 1 1 0 ...
1 1 0 0 0 0 0 0 0 0 0 0 0 0 1 1 0 0 1 1 1 0 0 0 1 1 0 0 0 0 1 0 0 0 1 1 0 0 0 0 0 0 0 0 1 0 0 0 1 0 ...
1 0 0 1 1 0 0 0 0 0 1 1 0 0 0 0 0 1 1 0 0 0 1 0 1 0 1 0 0 0 0 0 0 0 0 1 1 0 0 0 1 0 0 0 0 0 0 1 0 0 ...
1 0 0 0 0 0 0 0 0 0 0 1 0 0 0 0 0 0 0 1 0 1 0 1 0 0 0 0 0 0 0 0 0 1 0 0 1 0 1 1 0 0 1 0 0 0 0 0 0 1 ...
1 1 0 0 0 0 0 0 1 0 0 1 1 0 1 1 0 0 0 1 1 0 0 1 0 0 0 1 1 0 0 1 0 0 0 1 1 0 0 0 0 1 1 0 1 0 1 0 0 0 ...
1 0 1 0 0 1 1 1 1 0 0 1 1 0 1 1 1 1 1 0 1 0 0 0 1 1 1 0 0 0 0 0 1 0 0 0 0 1 0 0 0 1 1 1 0 1 1 0 1 1 ...
1 1 0 0 0 1 1 0 0 0 0 0 0 1 1 0 1 1 0 0 1 0 0 1 0 0 0 0 0 0 0 1 0 1 0 0 0 0 1 1 1 0 0 0 0 0 0 0 0 0 ...
1 0 0 1 1 0 1 0 0 0 1 0 1 0 0 1 1 0 1 0 0 0 0 1 1 0 0 0 0 0 0 0 0 1 0 0 0 1 0 0 0 0 0 0 1 1 0 0 0 1 ...
1 0 0 0 1 1 1 0 1 1 1 0 0 0 1 0 1 0 0 0 0 0 0 1 X 0 0 0 0 0 0 0 0 0 0 0 1 0 0 0 0 0 0 0 1 0 0 1 0 0 ...
1 1 0 0 0 0 1 1 1 0 1 0 1 0 0 0 1 1 0 1 1 0 1 0 0 0 0 0 0 0 0 0 0 0 1 0 0 0 0 0 1 0 0 1 1 0 0 0 0 1 ...
1 0 0 1 1 0 0 0 0 1 1 0 0 0 0 0 0 1 0 1 0 0 0 1 0 0 0 1 1 0 1 0 0 0 0 0 0 0 0 0 0 0 0 0 0 0 0 1 0 0 ...
1 0 1 0 1 1 0 0 0 0 0 1 0 0 1 0 1 1 1 0 0 1 0 0 0 0 0 1 0 0 1 0 1 1 0 1 0 0 0 1 0 1 0 0 1 0 0 1 0 0 ...
1 1 0 1 0 0 0 0 0 0 0 1 0 0 1 0 1 0 1 0 0 0 1 1 1 0 0 0 1 1 0 0 0 1 0 0 0 1 0 1 1 1 0 0 0 0 0 0 0 0 ...
1 1 0 0 0 0 0 1 0 1 0 1 0 0 1 0 0 0 1 0 0 0 0 0 0 1 1 1 1 0 1 0 0 0 0 1 1 0 1 0 0 0 0 0 0 0 0 0 1 0 ...
1 1 1 0 0 1 0 0 0 0 0 0 0 0 0 0 1 0 1 0 1 0 0 1 0 0 0 1 1 0 1 0 0 1 0 1 1 1 0 0 0 0 0 0 0 0 0 0 1 1 ...
1 1 0 0 0 0 1 0 0 0 0 0 0 1 0 1 1 1 0 0 0 0 0 1 0 0 0 1 1 1 0 1 1 1 0 1 0 0 0 1 1 1 1 0 0 0 0 0 1 0 ...
1 1 0 0 1 0 0 1 0 0 1 0 1 0 0 0 1 0 0 0 0 0 0 0 0 0 1 0 0 0 1 0 0 0 1 0 0 1 1 0 0 0 0 0 0 0 1 1 1 0 ...
1 0 1 0 0 0 0 1 0 0 0 0 1 1 0 0 0 0 0 0 0 0 1 0 1 0 0 0 0 1 0 0 0 1 0 1 0 0 1 0 0 1 0 0 1 0 0 0 0 0 ...
1 0 1 0 0 1 0 1 0 0 1 0 1 1 0 0 0 0 0 0 0 1 1 0 0 0 1 0 0 0 0 1 0 0 0 1 0 0 0 0 1 0 0 1 0 1 0 0 0 1 ...
1 0 0 0 0 1 0 0 0 0 0 1 0 0 0 0 1 0 0 0 0 1 0 1 0 0 0 0 0 1 0 1 0 1 0 1 1 0 0 0 0 0 0 0 0 0 0 0 0 0 ...
1 0 1 0 1 1 0 0 0 0 1 0 1 0 0 0 0 0 0 0 1 1 1 1 0 0 0 0 0 1 0 0 1 0 1 0 0 0 1 0 1 0 0 1 1 1 0 0 0 0 ...
1 0 0 0 1 1 1 0 1 0 1 0 1 0 0 0 0 0 0 1 0 0 0 1 0 0 0 1 1 0 1 0 0 0 0 0 0 1 0 0 1 0 0 1 0 0 0 1 1 0 ...
1 1 1 0 0 1 0 1 0 0 0 1 0 1 1 0 0 0 0 0 0 1 0 0 0 0 0 1 1 1 0 0 1 0 0 0 0 1 0 0 0 0 0 0 0 0 1 0 0 0 ...
1 0 1 0 0 0 0 0 0 1 0 1 0 0 0 0 1 0 0 0 0 0 0 0 1 1 0 0 0 0 1 0 1 1 0 0 0 0 1 0 0 0 0 0 0 0 0 0 0 1 ...
1 0 0 1 0 0 0 0 1 0 1 0 0 0 1 1 1 0 0 0 0 0 0 1 0 0 1 1 0 1 0 1 0 1 1 0 1 0 1 0 0 0 0 0 0 0 0 1 0 0 ...
1 1 1 1 1 0 1 0 0 0 1 0 0 1 0 0 0 0 0 0 0 0 0 0 1 0 0 0 0 0 0 1 0 0 1 0 0 0 0 0 0 0 0 0 0 0 1 0 0 0 ...
1 1 0 0 0 0 0 1 0 0 0 1 1 1 0 0 0 0 0 0 0 1 0 0 0 0 1 0 1 0 1 0 1 0 0 0 0 0 0 0 0 1 0 0 1 1 0 1 0 0 ...
1 0 0 0 0 0 0 0 0 0 1 0 1 0 0 0 0 1 0 0 0 0 0 0 1 0 0 0 0 1 0 0 0 0 1 1 1 0 0 0 0 0 0 0 0 0 0 0 1 1 ...
1 0 0 0 0 0 1 0 1 1 0 0 0 0 0 1 1 0 0 0 1 1 1 1 0 0 0 1 0 0 0 1 0 0 0 1 1 0 0 1 0 1 0 1 0 0 0 0 1 0 ...
1 0 1 1 0 0 0 0 0 0 1 0 0 0 1 1 0 0 1 0 0 1 1 1 1 0 1 0 1 0 1 0 1 1 0 0 0 1 0 0 1 1 1 0 1 1 0 0 0 0 ...
1 0 0 0 1 1 0 0 1 0 0 1 0 0 0 0 0 0 0 0 0 1 0 0 1 0 0 1 0 1 1 0 0 1 0 0 0 0 0 0 1 0 0 0 1 1 1 0 0 0 ...
1 0 0 1 0 0 0 0 0 1 0 0 0 1 1 0 0 0 0 1 0 0 1 1 0 0 0 1 0 0 0 0 0 0 1 0 0 0 0 1 0 0 0 1 0 0 0 0 1 0 ...
1 1 1 0 0 0 0 0 0 0 1 0 1 1 0 0 0 1 0 0 0 0 0 0 1 0 0 0 1 0 0 1 1 0 0 0 1 1 0 0 0 0 1 0 0 0 0 0 0 1 ...
1 1 0 0 0 0 0 0 0 0 1 0 0 0 1 0 1 1 1 1 0 0 0 0 0 1 0 0 0 0 0 0 0 0 0 1 0 0 0 1 0 1 0 0 0 0 0 0 0 0 ...
1 0 0 0 0 0 0 0 1 0 0 0 0 0 1 0 0 0 0 1 0 0 0 1 1 1 0 0 0 0 0 0 1 1 1 0 0 0 0 0 0 1 0 1 0 1 0 0 0 0 ...
1 0 0 0 0 1 0 0 0 0 0 1 0 0 0 0 0 1 0 0 0 0 0 0 1 0 0 0 0 0 1 0 0 0 0 1 1 1 0 0 0 0 0 0 0 0 0 0 1 1 ...
1 1 1 1 0 0 0 0 0 0 0 0 1 1 1 0 0 0 1 0 1 1 1 0 0 0 1 0 0 0 1 0 0 1 0 1 0 0 0 0 0 1 1 0 1 1 1 1 0 1 ...
1 1 0 0 0 0 0 1 0 0 1 1 0 0 0 0 0 0 0 1 0 0 1 1 0 0 1 1 1 0 0 0 1 1 1 0 0 0 0 1 1 0 1 1 0 1 0 0 0 0 ...
1 0 0 1 0 0 0 0 0 0 0 0 1 1 0 1 0 1 1 1 1 0 1 0 1 0 0 0 0 0 0 0 0 1 0 0 0 0 1 0 0 1 0 1 0 0 0 0 0 1 ...
1 1 1 0 0 0 0 1 0 0 0 1 0 1 1 0 1 0 0 0 1 0 0 0 1 0 1 0 0 0 1 0 0 0 1 1 0 0 0 0 1 0 1 0 0 0 1 0 0 1 ...
1 0 1 0 0 1 0 0 0 1 0 0 0 0 0 0 1 0 0 0 0 0 0 1 0 0 0 0 0 1 0 0 0 0 0 0 0 0 0 1 0 0 0 0 0 1 1 0 0 0 ...
1 0 0 0 0 0 0 0 0 1 0 1 0 0 0 0 0 0 0 0 0 0 0 0 0 1 0 0 1 0 0 1 0 0 0 1 0 0 0 0 1 0 0 0 0 0 0 0 1 0 ...
1 0 0 0 0 0 1 0 0 0 0 0 0 0 0 1 0 0 0 0 1 0 0 1 0 0 0 0 0 1 0 1 0 0 0 0 0 0 1 0 1 0 0 0 0 0 0 0 0 0 ...
1 1 0 1 1 1 0 1 0 0 0 0 0 1 0 0 0 0 1 0 1 0 1 0 1 0 0 1 0 1 0 1 1 1 0 0 1 0 1 0 0 0 0 1 0 0 0 0 0 0 ...
1 0 0 0 0 0 0 0 0 0 1 0 0 1 1 0 0 0 0 0 0 0 0 0 1 0 0 0 0 0 0 0 0 0 0 0 0 1 1 1 0 1 0 0 0 0 0 0 0 1 ...
1 0 1 0 0 0 0 0 1 0 0 0 1 0 0 1 0 0 0 0 1 0 0 0 0 1 1 1 1 0 0 1 0 0 0 0 0 0 0 1 0 0 0 1 0 0 0 1 0 0 ...
1 1 0 0 0 1 0 0 1 1 0 0 1 1 0 0 0 0 1 0 0 1 0 0 1 0 0 1 0 0 0 0 1 0 0 0 0 0 0 0 0 0 0 1 0 0 1 1 0 1 ...
1 0 0 1 0 1 1 0 0 0 1 0 0 0 1 0 0 1 0 0 0 0 0 1 1 0 0 1 0 0 1 0 0 0 0 0 1 0 1 0 1 1 1 0 0 1 0 0 1 0 ...
1 1 0 0 0 0 0 0 0 0 0 1 0 1 0 0 0 1 0 0 0 1 0 0 0 0 0 1 0 1 0 0 1 0 0 0 1 1 1 0 0 1 0 1 0 0 0 0 0 0 ...
1 0 0 0 0 1 0 0 0 0 0 0 0 0 0 1 0 1 0 0 0 0 1 1 0 0 0 0 0 1 0 0 0 1 0 1 1 0 1 0 0 0 0 0 0 1 0 0 1 1 ...
1 0 0 1 0 0 0 1 0 1 0 0 0 0 0 1 0 1 0 0 0 0 0 0 0 0 1 0 1 0 0 1 0 1 0 0 0 1 1 0 0 0 0 0 0 0 0 0 0 0 ...
1 0 0 0 1 1 0 0 1 1 0 0 1 1 0 0 0 0 0 0 0 0 1 1 1 1 1 0 0 0 0 0 0 1 0 0 1 0 0 1 0 1 0 0 0 0 0 1 0 0 ...
1 0 0 0 1 1 0 0 1 0 1 1 0 0 0 0 1 1 0 0 1 0 0 0 0 0 0 0 0 1 1 0 0 0 0 0 0 0 1 0 0 0 0 0 0 1 0 0 1 1 ...
1 1 0 0 1 0 0 1 0 0 1 0 0 0 0 0 0 1 0 0 1 0 1 0 0 0 0 0 0 0 1 1 0 0 0 1 0 1 0 1 0 1 0 0 0 1 0 0 1 0 ...
1 0 1 0 0 1 0 0 0 0 0 0 1 0 1 0 0 0 1 0 0 1 1 0 0 0 1 0 0 0 1 0 1 1 0 0 1 0 1 0 0 0 0 0 0 1 0 0 0 0 ...
1 1 0 0 0 0 0 0 0 0 0 0 0 0 0 1 1 0 0 0 0 0 1 1 1 0 0 0 0 0 1 1 0 0 1 1 0 0 1 0 1 1 0 0 0 1 0 0 0 0 ...
1 0 0 1 1 0 1 0 0 1 0 0 0 0 0 0 0 1 1 0 0 0 0 1 1 0 0 0 0 0 0 1 0 1 0 0 0 0 1 0 1 0 0 0 1 0 0 1 0 0 ...
1 0 1 0 1 0 0 0 0 0 0 0 0 0 1 1 0 0 0 0 1 1 0 0 0 0 0 0 1 0 1 1 0 1 0 1 0 0 1 0 1 0 1 1 0 1 0 0 0 1 ...
1 1 0 0 0 0 0 0 1 1 1 1 0 1 0 0 1 0 1 0 0 0 1 0 0 0 1 1 0 0 1 0 0 0 1 0 0 0 0 0 0 0 0 1 0 1 1 0 0 1 ...
1 1 0 0 0 0 1 0 1 0 1 0 0 0 0 0 1 1 0 0 0 0 1 0 0 1 0 1 0 0 1 0 1 0 0 1 0 0 0 1 0 0 0 0 0 0 1 0 0 0 ...
1 1 0 1 0 1 1 0 0 0 0 0 1 1 0 0 0 0 0 1 0 0 0 0 0 0 0 0 0 0 0 1 0 0 0 1 0 0 0 0 0 0 0 1 0 0 1 0 0 0 ...
1 0 0 0 0 0 0 1 0 0 0 1 0 0 0 0 0 1 0 0 0 0 1 1 0 0 0 0 0 0 1 0 0 1 1 0 0 0 0 1 0 0 0 0 0 0 0 0 0 1 ...
1 1 0 0 0 0 1 0 0 1 0 1 0 0 0 0 1 0 1 0 0 0 1 0 0 0 0 1 0 0 0 0 0 0 0 0 0 0 1 0 0 0 0 0 0 1 0 0 0 0 ...
1 0 0 0 0 0 0 1 0 1 0 0 0 0 0 0 0 0 0 0 1 1 0 0 0 0 0 0 0 0 0 0 0 0 0 0 0 0 1 1 0 0 0 1 0 0 0 0 0 1 ...
1 0 0 1 0 0 0 0 0 0 1 0 0 0 0 1 0 0 0 1 0 0 0 0 0 0 0 1 0 0 1 0 0 0 0 0 0 0 1 0 0 0 0 0 0 0 0 0 0 1 ...
1 0 0 0 0 0 0 0 1 0 0 0 0 0 0 0 1 1 0 1 0 0 0 0 0 0 1 0 0 1 0 1 0 0 0 0 1 1 1 1 1 0 0 0 0 1 0 1 0 0 ...
1 0 1 0 0 0 0 0 0 1 0 1 0 0 1 0 1 1 1 0 1 0 0 0 0 0 0 0 0 0 0 1 1 0 0 0 0 0 0 0 1 1 1 0 0 0 0 0 0 0 ...
1 1 1 1 1 1 1 1 1 1 1 1 1 1 1 1 1 1 1 1 1 1 1 1 1 1 1 1 1 1 1 1 1 1 1 1 1 1 1 1 1 1 1 1 1 1 1 1 1 1 ...
